{
    "animation": [
        {
            "name": "Root",
            "time": [0.0, 0.0167, 0.0333, 0.05, 0.0667, 0.0833, 0.1, 0.1167, 0.1333, 0.15, 0.1667, 0.1833, 0.2, 0.2167, 0.2333, 0.25, 0.2667, 0.2833, 0.3, 0.3167, 0.3333, 0.35, 0.3667, 0.3833, 0.4, 0.4167, 0.4333, 0.45, 0.4667, 0.4833, 0.5, 0.5167, 0.5333, 0.55, 0.5667, 0.5833, 0.6, 0.6167, 0.6333, 0.65, 0.6667, 0.6833, 0.7, 0.7167, 0.7333, 0.75, 0.7667, 0.7833, 0.8, 0.8167, 0.8333, 0.85, 0.8667, 0.8833, 0.9, 0.9167, 0.9333, 0.95, 0.9667, 0.9833, 1.0, 1.0167, 1.0333, 1.05, 1.0667, 1.0833, 1.1, 1.1167, 1.1333, 1.15, 1.1667, 1.1833, 1.2, 1.2167, 1.2333, 1.25, 1.2667, 1.2833, 1.3, 1.3167, 1.3333, 1.35, 1.3667, 1.3833, 1.4, 1.4167, 1.4333, 1.45, 1.4667, 1.4833, 1.5, 1.5167, 1.5333, 1.55, 1.5667, 1.5833, 1.6, 1.6167, 1.6333, 1.65, 1.6667, 1.6833, 1.7, 1.7167, 1.7333, 1.75, 1.7667, 1.7833, 1.8, 1.8167, 1.8333, 1.85, 1.8667, 1.8833, 1.9, 1.9167, 1.9333, 1.95, 1.9667, 1.9833, 2.0, 2.0167, 2.0333, 2.05, 2.0667, 2.0833, 2.1, 2.1167, 2.1333, 2.15, 2.1667, 2.1833, 2.2, 2.2167, 2.2333, 2.25, 2.2667, 2.2833, 2.3, 2.3167, 2.3333, 2.35, 2.3667, 2.3833, 2.4, 2.4167, 2.4333, 2.45, 2.4667, 2.4833, 2.5],
            "transform": [
                [0.962859, -0.011225, 0.26977, -0.058326, 0.26993, 0.016608, -0.962737, 0.162996, 0.006327, 0.999799, 0.019021, 0.731243, 0.0, 0.0, 0.0, 1.0],
                [0.949925, -0.011225, 0.312276, -0.058326, 0.31243, 0.016608, -0.949796, 0.162467, 0.005476, 0.999799, 0.019283, 0.711631, 0.0, 0.0, 0.0, 1.0],
                [0.915943, -0.011225, 0.401151, -0.058326, 0.401292, 0.016608, -0.9158, 0.157907, 0.003618, 0.999799, 0.019716, 0.662226, 0.0, 0.0, 0.0, 1.0],
                [0.897219, -0.011225, 0.441443, -0.058326, 0.441578, 0.016608, -0.897069, 0.146815, 0.002739, 0.999799, 0.019858, 0.619686, 0.0, 0.0, 0.0, 1.0],
                [0.897219, -0.011225, 0.441443, -0.058326, 0.441578, 0.016608, -0.897069, 0.119164, 0.002739, 0.999799, 0.019858, 0.605204, 0.0, 0.0, 0.0, 1.0],
                [0.897219, -0.011225, 0.441443, -0.058326, 0.441578, 0.016608, -0.897069, -0.042034, 0.002739, 0.999799, 0.019858, 0.574087, 0.0, 0.0, 0.0, 1.0],
                [0.493448, 0.001915, 0.869773, -0.058326, 0.856294, 0.174311, -0.486185, -0.785606, -0.152542, 0.984689, 0.084374, 0.424099, 0.0, 0.0, 0.0, 1.0],
                [0.492449, 0.001819, 0.87034, -0.056727, 0.858461, 0.163645, -0.48607, -1.21676, -0.143311, 0.986518, 0.079025, 0.429086, 0.0, 0.0, 0.0, 1.0],
                [0.492138, 0.001808, 0.870515, -0.053208, 0.861791, 0.140219, -0.487498, -1.568889, -0.122944, 0.990119, 0.067449, 0.440054, 0.0, 0.0, 0.0, 1.0],
                [0.492203, 0.001834, 0.870479, -0.048945, 0.864929, 0.11173, -0.4893, -1.857151, -0.098156, 0.993737, 0.053408, 0.453347, 0.0, 0.0, 0.0, 1.0],
                [0.492462, 0.001867, 0.870332, -0.044618, 0.867274, 0.082723, -0.49091, -2.089221, -0.072913, 0.996571, 0.039119, 0.466836, 0.0, 0.0, 0.0, 1.0],
                [0.492797, 0.001893, 0.870142, -0.040693, 0.868709, 0.056349, -0.492107, -2.269084, -0.049963, 0.998409, 0.026124, 0.479072, 0.0, 0.0, 0.0, 1.0],
                [0.493118, 0.001908, 0.86996, -0.037527, 0.869394, 0.03505, -0.492875, -2.398557, -0.031432, 0.999384, 0.015625, 0.488944, 0.0, 0.0, 0.0, 1.0],
                [0.493356, 0.001914, 0.869825, -0.035422, 0.869617, 0.020889, -0.493284, -2.477982, -0.019114, 0.99978, 0.008642, 0.495504, 0.0, 0.0, 0.0, 1.0],
                [0.493448, 0.001915, 0.869773, -0.03466, 0.869652, 0.015758, -0.493414, -2.506556, -0.014651, 0.999874, 0.006111, 0.497881, 0.0, 0.0, 0.0, 1.0],
                [0.493448, 0.001915, 0.869773, -0.03466, 0.869652, 0.015758, -0.493414, -2.50906, -0.014651, 0.999874, 0.006111, 0.497705, 0.0, 0.0, 0.0, 1.0],
                [0.493448, 0.001915, 0.869773, -0.03466, 0.869652, 0.015758, -0.493414, -2.511291, -0.014651, 0.999874, 0.006111, 0.497172, 0.0, 0.0, 0.0, 1.0],
                [0.493448, 0.001915, 0.869773, -0.03466, 0.869652, 0.015758, -0.493414, -2.513205, -0.014651, 0.999874, 0.006111, 0.496298, 0.0, 0.0, 0.0, 1.0],
                [0.493448, 0.001915, 0.869773, -0.03466, 0.869652, 0.015758, -0.493414, -2.514766, -0.014651, 0.999874, 0.006111, 0.495133, 0.0, 0.0, 0.0, 1.0],
                [0.493448, 0.001915, 0.869773, -0.03466, 0.869652, 0.015758, -0.493414, -2.515961, -0.014651, 0.999874, 0.006111, 0.49377, 0.0, 0.0, 0.0, 1.0],
                [0.493448, 0.001915, 0.869773, -0.03466, 0.869652, 0.015758, -0.493414, -2.516804, -0.014651, 0.999874, 0.006111, 0.492336, 0.0, 0.0, 0.0, 1.0],
                [0.493448, 0.001915, 0.869773, -0.03466, 0.869652, 0.015758, -0.493414, -2.517342, -0.014651, 0.999874, 0.006111, 0.490973, 0.0, 0.0, 0.0, 1.0],
                [0.493448, 0.001915, 0.869773, -0.03466, 0.869652, 0.015758, -0.493414, -2.517643, -0.014651, 0.999874, 0.006111, 0.489808, 0.0, 0.0, 0.0, 1.0],
                [0.493448, 0.001915, 0.869773, -0.03466, 0.869652, 0.015758, -0.493414, -2.517782, -0.014651, 0.999874, 0.006111, 0.488935, 0.0, 0.0, 0.0, 1.0],
                [0.493448, 0.001915, 0.869773, -0.03466, 0.869652, 0.015758, -0.493414, -2.517828, -0.014651, 0.999874, 0.006111, 0.488401, 0.0, 0.0, 0.0, 1.0],
                [0.493448, 0.001915, 0.869773, -0.03466, 0.869652, 0.015758, -0.493414, -2.517834, -0.014651, 0.999874, 0.006111, 0.488225, 0.0, 0.0, 0.0, 1.0],
                [0.493448, 0.001915, 0.869773, -0.03466, 0.869652, 0.015758, -0.493414, -2.517198, -0.014651, 0.999874, 0.006111, 0.488755, 0.0, 0.0, 0.0, 1.0],
                [0.493448, 0.001915, 0.869773, -0.03466, 0.869652, 0.015758, -0.493414, -2.51528, -0.014651, 0.999874, 0.006111, 0.490353, 0.0, 0.0, 0.0, 1.0],
                [0.493448, 0.001915, 0.869773, -0.03466, 0.869652, 0.015758, -0.493414, -2.512136, -0.014651, 0.999874, 0.006111, 0.492973, 0.0, 0.0, 0.0, 1.0],
                [0.493448, 0.001915, 0.869773, -0.03466, 0.869652, 0.015758, -0.493414, -2.507947, -0.014651, 0.999874, 0.006111, 0.496464, 0.0, 0.0, 0.0, 1.0],
                [0.493448, 0.001915, 0.869773, -0.03466, 0.869652, 0.015758, -0.493414, -2.503043, -0.014651, 0.999874, 0.006111, 0.50055, 0.0, 0.0, 0.0, 1.0],
                [0.493448, 0.001915, 0.869773, -0.03466, 0.869652, 0.015758, -0.493414, -2.497883, -0.014651, 0.999874, 0.006111, 0.504849, 0.0, 0.0, 0.0, 1.0],
                [0.493448, 0.001915, 0.869773, -0.03466, 0.869652, 0.015758, -0.493414, -2.492979, -0.014651, 0.999874, 0.006111, 0.508936, 0.0, 0.0, 0.0, 1.0],
                [0.493448, 0.001915, 0.869773, -0.03466, 0.869652, 0.015758, -0.493414, -2.48879, -0.014651, 0.999874, 0.006111, 0.512427, 0.0, 0.0, 0.0, 1.0],
                [0.493448, 0.001915, 0.869773, -0.03466, 0.869652, 0.015758, -0.493414, -2.485646, -0.014651, 0.999874, 0.006111, 0.515047, 0.0, 0.0, 0.0, 1.0],
                [0.493448, 0.001915, 0.869773, -0.03466, 0.869652, 0.015758, -0.493414, -2.483728, -0.014651, 0.999874, 0.006111, 0.516645, 0.0, 0.0, 0.0, 1.0],
                [0.493448, 0.001915, 0.869773, -0.03466, 0.869652, 0.015758, -0.493414, -2.483092, -0.014651, 0.999874, 0.006111, 0.517175, 0.0, 0.0, 0.0, 1.0],
                [0.493448, 0.001915, 0.869773, -0.03466, 0.869652, 0.015758, -0.493414, -2.483092, -0.014651, 0.999874, 0.006111, 0.517175, 0.0, 0.0, 0.0, 1.0],
                [0.493448, 0.001915, 0.869773, -0.03466, 0.869652, 0.015758, -0.493414, -2.483092, -0.014651, 0.999874, 0.006111, 0.517175, 0.0, 0.0, 0.0, 1.0],
                [0.493448, 0.001915, 0.869773, -0.03466, 0.869652, 0.015758, -0.493414, -2.483092, -0.014651, 0.999874, 0.006111, 0.517175, 0.0, 0.0, 0.0, 1.0],
                [0.493448, 0.001915, 0.869773, -0.03466, 0.869652, 0.015758, -0.493414, -2.483092, -0.014651, 0.999874, 0.006111, 0.517175, 0.0, 0.0, 0.0, 1.0],
                [0.493448, 0.001915, 0.869773, -0.03466, 0.869652, 0.015758, -0.493414, -2.483092, -0.014651, 0.999874, 0.006111, 0.517175, 0.0, 0.0, 0.0, 1.0],
                [0.493448, 0.001915, 0.869773, -0.03466, 0.869652, 0.015758, -0.493414, -2.483092, -0.014651, 0.999874, 0.006111, 0.517175, 0.0, 0.0, 0.0, 1.0],
                [0.493448, 0.001915, 0.869773, -0.03466, 0.869652, 0.015758, -0.493414, -2.483092, -0.014651, 0.999874, 0.006111, 0.517175, 0.0, 0.0, 0.0, 1.0],
                [0.493448, 0.001915, 0.869773, -0.03466, 0.869652, 0.015758, -0.493414, -2.483092, -0.014651, 0.999874, 0.006111, 0.517175, 0.0, 0.0, 0.0, 1.0],
                [0.493448, 0.001915, 0.869773, -0.03466, 0.869652, 0.015758, -0.493414, -2.483092, -0.014651, 0.999874, 0.006111, 0.517175, 0.0, 0.0, 0.0, 1.0],
                [0.493448, 0.001915, 0.869773, -0.03466, 0.869652, 0.015758, -0.493414, -2.483092, -0.014651, 0.999874, 0.006111, 0.517175, 0.0, 0.0, 0.0, 1.0],
                [0.493448, 0.001915, 0.869773, -0.03466, 0.869652, 0.015758, -0.493414, -2.483092, -0.014651, 0.999874, 0.006111, 0.517175, 0.0, 0.0, 0.0, 1.0],
                [0.493448, 0.001915, 0.869773, -0.03466, 0.869652, 0.015758, -0.493414, -2.483092, -0.014651, 0.999874, 0.006111, 0.517175, 0.0, 0.0, 0.0, 1.0],
                [0.510141, 0.001915, 0.860089, -0.03466, 0.859968, 0.015758, -0.510104, -2.483092, -0.01453, 0.999874, 0.006392, 0.517175, 0.0, 0.0, 0.0, 1.0],
                [0.552919, 0.001915, 0.833233, -0.03466, 0.833114, 0.015758, -0.552877, -2.483092, -0.014189, 0.999874, 0.007118, 0.517175, 0.0, 0.0, 0.0, 1.0],
                [0.594287, 0.001915, 0.804251, -0.03466, 0.804134, 0.015758, -0.594239, -2.483092, -0.013811, 0.999874, 0.007825, 0.517175, 0.0, 0.0, 0.0, 1.0],
                [0.609696, 0.001915, 0.792633, -0.03466, 0.792518, 0.015758, -0.609645, -2.483092, -0.013658, 0.999874, 0.00809, 0.517175, 0.0, 0.0, 0.0, 1.0],
                [0.609091, 0.001915, 0.793098, -0.03466, 0.792983, 0.015758, -0.60904, -2.483092, -0.013664, 0.999874, 0.00808, 0.517175, 0.0, 0.0, 0.0, 1.0],
                [0.607275, 0.001915, 0.794489, -0.03466, 0.794374, 0.015758, -0.607225, -2.483092, -0.013682, 0.999874, 0.008049, 0.517175, 0.0, 0.0, 0.0, 1.0],
                [0.604263, 0.001915, 0.796783, -0.03466, 0.796667, 0.015758, -0.604213, -2.483092, -0.013713, 0.999874, 0.007997, 0.517175, 0.0, 0.0, 0.0, 1.0],
                [0.600088, 0.001915, 0.799932, -0.03466, 0.799816, 0.015758, -0.600039, -2.483092, -0.013754, 0.999874, 0.007925, 0.517175, 0.0, 0.0, 0.0, 1.0],
                [0.594809, 0.001915, 0.803865, -0.03466, 0.803748, 0.015758, -0.594761, -2.483092, -0.013806, 0.999874, 0.007834, 0.517175, 0.0, 0.0, 0.0, 1.0],
                [0.588515, 0.001915, 0.808484, -0.03466, 0.808367, 0.015758, -0.588467, -2.483092, -0.013867, 0.999874, 0.007726, 0.517175, 0.0, 0.0, 0.0, 1.0],
                [0.581326, 0.001915, 0.813668, -0.03466, 0.813551, 0.015758, -0.58128, -2.483092, -0.013935, 0.999874, 0.007603, 0.517175, 0.0, 0.0, 0.0, 1.0],
                [0.573397, 0.001915, 0.819275, -0.03466, 0.819158, 0.015758, -0.573352, -2.483092, -0.014008, 0.999874, 0.007467, 0.517175, 0.0, 0.0, 0.0, 1.0],
                [0.564912, 0.001915, 0.825149, -0.03466, 0.825031, 0.015758, -0.564868, -2.483092, -0.014085, 0.999874, 0.007322, 0.517175, 0.0, 0.0, 0.0, 1.0],
                [0.556082, 0.001915, 0.831125, -0.03466, 0.831007, 0.015758, -0.556039, -2.483092, -0.014162, 0.999874, 0.007172, 0.517175, 0.0, 0.0, 0.0, 1.0],
                [0.547133, 0.001915, 0.837043, -0.03466, 0.836924, 0.015758, -0.547092, -2.483092, -0.014238, 0.999874, 0.007019, 0.517175, 0.0, 0.0, 0.0, 1.0],
                [0.538299, 0.001915, 0.842752, -0.03466, 0.842632, 0.015758, -0.538259, -2.483092, -0.014311, 0.999874, 0.006869, 0.517175, 0.0, 0.0, 0.0, 1.0],
                [0.529807, 0.001915, 0.848116, -0.03466, 0.847997, 0.015758, -0.529768, -2.483092, -0.014379, 0.999874, 0.006725, 0.517175, 0.0, 0.0, 0.0, 1.0],
                [0.521866, 0.001915, 0.853025, -0.03466, 0.852905, 0.015758, -0.521828, -2.483092, -0.014441, 0.999874, 0.006591, 0.517175, 0.0, 0.0, 0.0, 1.0],
                [0.514664, 0.001915, 0.85739, -0.03466, 0.857269, 0.015758, -0.514627, -2.483092, -0.014496, 0.999874, 0.006469, 0.517175, 0.0, 0.0, 0.0, 1.0],
                [0.508356, 0.001915, 0.861145, -0.03466, 0.861024, 0.015758, -0.50832, -2.483092, -0.014543, 0.999874, 0.006362, 0.517175, 0.0, 0.0, 0.0, 1.0],
                [0.503066, 0.001915, 0.864246, -0.03466, 0.864125, 0.015758, -0.50303, -2.483092, -0.014582, 0.999874, 0.006273, 0.517175, 0.0, 0.0, 0.0, 1.0],
                [0.498883, 0.001915, 0.866667, -0.03466, 0.866546, 0.015758, -0.498848, -2.483092, -0.014612, 0.999874, 0.006202, 0.517175, 0.0, 0.0, 0.0, 1.0],
                [0.495867, 0.001915, 0.868396, -0.03466, 0.868275, 0.015758, -0.495833, -2.483092, -0.014634, 0.999874, 0.006152, 0.517175, 0.0, 0.0, 0.0, 1.0],
                [0.494052, 0.001915, 0.86943, -0.03466, 0.869309, 0.015758, -0.494018, -2.483092, -0.014647, 0.999874, 0.006121, 0.517175, 0.0, 0.0, 0.0, 1.0],
                [0.493448, 0.001915, 0.869773, -0.03466, 0.869652, 0.015758, -0.493414, -2.483092, -0.014651, 0.999874, 0.006111, 0.517175, 0.0, 0.0, 0.0, 1.0],
                [0.493448, 0.001915, 0.869773, -0.03466, 0.869652, 0.015758, -0.493414, -2.483092, -0.014651, 0.999874, 0.006111, 0.517175, 0.0, 0.0, 0.0, 1.0],
                [0.493448, 0.001915, 0.869773, -0.03466, 0.869652, 0.015758, -0.493414, -2.483092, -0.014651, 0.999874, 0.006111, 0.517175, 0.0, 0.0, 0.0, 1.0],
                [0.493448, 0.001915, 0.869773, -0.03466, 0.869652, 0.015758, -0.493414, -2.483092, -0.014651, 0.999874, 0.006111, 0.517175, 0.0, 0.0, 0.0, 1.0],
                [0.493448, 0.001915, 0.869773, -0.03466, 0.869652, 0.015758, -0.493414, -2.483092, -0.014651, 0.999874, 0.006111, 0.517175, 0.0, 0.0, 0.0, 1.0],
                [0.493448, 0.001915, 0.869773, -0.03466, 0.869652, 0.015758, -0.493414, -2.483092, -0.014651, 0.999874, 0.006111, 0.517175, 0.0, 0.0, 0.0, 1.0],
                [0.493448, 0.001915, 0.869773, -0.03466, 0.869652, 0.015758, -0.493414, -2.483092, -0.014651, 0.999874, 0.006111, 0.517175, 0.0, 0.0, 0.0, 1.0],
                [0.493448, 0.001915, 0.869773, -0.03466, 0.869652, 0.015758, -0.493414, -2.483092, -0.014651, 0.999874, 0.006111, 0.517175, 0.0, 0.0, 0.0, 1.0],
                [0.493448, 0.001915, 0.869773, -0.03466, 0.869652, 0.015758, -0.493414, -2.483092, -0.014651, 0.999874, 0.006111, 0.517175, 0.0, 0.0, 0.0, 1.0],
                [0.493448, 0.001915, 0.869773, -0.03466, 0.869652, 0.015758, -0.493414, -2.483092, -0.014651, 0.999874, 0.006111, 0.517175, 0.0, 0.0, 0.0, 1.0],
                [0.493448, 0.001915, 0.869773, -0.03466, 0.869652, 0.015758, -0.493414, -2.483092, -0.014651, 0.999874, 0.006111, 0.517175, 0.0, 0.0, 0.0, 1.0],
                [0.493448, 0.001915, 0.869773, -0.03466, 0.869652, 0.015758, -0.493414, -2.483092, -0.014651, 0.999874, 0.006111, 0.517175, 0.0, 0.0, 0.0, 1.0],
                [0.493448, 0.001915, 0.869773, -0.03466, 0.869652, 0.015758, -0.493414, -2.483092, -0.014651, 0.999874, 0.006111, 0.517175, 0.0, 0.0, 0.0, 1.0],
                [0.493448, 0.001915, 0.869773, -0.03466, 0.869652, 0.015758, -0.493414, -2.483092, -0.014651, 0.999874, 0.006111, 0.517175, 0.0, 0.0, 0.0, 1.0],
                [0.493448, 0.001915, 0.869773, -0.03466, 0.869652, 0.015758, -0.493414, -2.483092, -0.014651, 0.999874, 0.006111, 0.517175, 0.0, 0.0, 0.0, 1.0],
                [0.493448, 0.001915, 0.869773, -0.03466, 0.869652, 0.015758, -0.493414, -2.483092, -0.014651, 0.999874, 0.006111, 0.517175, 0.0, 0.0, 0.0, 1.0],
                [0.493448, 0.001915, 0.869773, -0.03466, 0.869652, 0.015758, -0.493414, -2.483092, -0.014651, 0.999874, 0.006111, 0.517175, 0.0, 0.0, 0.0, 1.0],
                [0.493448, 0.001915, 0.869773, -0.03466, 0.869652, 0.015758, -0.493414, -2.483092, -0.014651, 0.999874, 0.006111, 0.517175, 0.0, 0.0, 0.0, 1.0],
                [0.494314, 0.001898, 0.869281, -0.034691, 0.86916, 0.015753, -0.49428, -2.482837, -0.014632, 0.999874, 0.006137, 0.517455, 0.0, 0.0, 0.0, 1.0],
                [0.496921, 0.001849, 0.867794, -0.034784, 0.867673, 0.015736, -0.496886, -2.482071, -0.014575, 0.999874, 0.006215, 0.518298, 0.0, 0.0, 0.0, 1.0],
                [0.501279, 0.001767, 0.865284, -0.03494, 0.865165, 0.015709, -0.501242, -2.480788, -0.014478, 0.999875, 0.006346, 0.519709, 0.0, 0.0, 0.0, 1.0],
                [0.507385, 0.00165, 0.861718, -0.035159, 0.8616, 0.015671, -0.507346, -2.478985, -0.014342, 0.999876, 0.006529, 0.521691, 0.0, 0.0, 0.0, 1.0],
                [0.515225, 0.0015, 0.857054, -0.035441, 0.856938, 0.015624, -0.515183, -2.476663, -0.014163, 0.999877, 0.006764, 0.524244, 0.0, 0.0, 0.0, 1.0],
                [0.524771, 0.001315, 0.851243, -0.035787, 0.851129, 0.015568, -0.524725, -2.473825, -0.013942, 0.999878, 0.00705, 0.527366, 0.0, 0.0, 0.0, 1.0],
                [0.535978, 0.001096, 0.844231, -0.036194, 0.844121, 0.015504, -0.535928, -2.470473, -0.013676, 0.999879, 0.007385, 0.531051, 0.0, 0.0, 0.0, 1.0],
                [0.548784, 0.000842, 0.835964, -0.036663, 0.835857, 0.015434, -0.54873, -2.466619, -0.013364, 0.999881, 0.007766, 0.53529, 0.0, 0.0, 0.0, 1.0],
                [0.56311, 0.000553, 0.826382, -0.037191, 0.82628, 0.015359, -0.56305, -2.462273, -0.013004, 0.999882, 0.008192, 0.54007, 0.0, 0.0, 0.0, 1.0],
                [0.578851, 0.000231, 0.815434, -0.037777, 0.815336, 0.015282, -0.578786, -2.457451, -0.012596, 0.999883, 0.008658, 0.545372, 0.0, 0.0, 0.0, 1.0],
                [0.595885, -0.000124, 0.80307, -0.038419, 0.802978, 0.015205, -0.595815, -2.452173, -0.012137, 0.999884, 0.00916, 0.551176, 0.0, 0.0, 0.0, 1.0],
                [0.614067, -0.000512, 0.789254, -0.039113, 0.789168, 0.01513, -0.613991, -2.446464, -0.011627, 0.999885, 0.009694, 0.557455, 0.0, 0.0, 0.0, 1.0],
                [0.633231, -0.00093, 0.773962, -0.039856, 0.773884, 0.015058, -0.633149, -2.440352, -0.011066, 0.999886, 0.010255, 0.564175, 0.0, 0.0, 0.0, 1.0],
                [0.653191, -0.001376, 0.757192, -0.040644, 0.757121, 0.014994, -0.653102, -2.433872, -0.010455, 0.999887, 0.010835, 0.571302, 0.0, 0.0, 0.0, 1.0],
                [0.673743, -0.001847, 0.738963, -0.041472, 0.738901, 0.014939, -0.673649, -2.42706, -0.009795, 0.999887, 0.01143, 0.578792, 0.0, 0.0, 0.0, 1.0],
                [0.694673, -0.002341, 0.719322, -0.042335, 0.719269, 0.014895, -0.694572, -2.41996, -0.009088, 0.999886, 0.012031, 0.5866, 0.0, 0.0, 0.0, 1.0],
                [0.715756, -0.002855, 0.698345, -0.043228, 0.698301, 0.014864, -0.71565, -2.412619, -0.008338, 0.999885, 0.012633, 0.594673, 0.0, 0.0, 0.0, 1.0],
                [0.736766, -0.003383, 0.676139, -0.044144, 0.676106, 0.014849, -0.736655, -2.405085, -0.007548, 0.999884, 0.013227, 0.602958, 0.0, 0.0, 0.0, 1.0],
                [0.757482, -0.003921, 0.652845, -0.045077, 0.652822, 0.01485, -0.757366, -2.397412, -0.006725, 0.999882, 0.013808, 0.611396, 0.0, 0.0, 0.0, 1.0],
                [0.777692, -0.004466, 0.62863, -0.04602, 0.628619, 0.014868, -0.777572, -2.389654, -0.005873, 0.999879, 0.01437, 0.619928, 0.0, 0.0, 0.0, 1.0],
                [0.797202, -0.005013, 0.603692, -0.046966, 0.603692, 0.014903, -0.797078, -2.381867, -0.005001, 0.999876, 0.014907, 0.62849, 0.0, 0.0, 0.0, 1.0],
                [0.815841, -0.005555, 0.578249, -0.04791, 0.578261, 0.014955, -0.815715, -2.37411, -0.004116, 0.999873, 0.015413, 0.637021, 0.0, 0.0, 0.0, 1.0],
                [0.833467, -0.00609, 0.552536, -0.048842, 0.55256, 0.015024, -0.833337, -2.366436, -0.003227, 0.999869, 0.015887, 0.64546, 0.0, 0.0, 0.0, 1.0],
                [0.849964, -0.006611, 0.5268, -0.049758, 0.526836, 0.015107, -0.849833, -2.358902, -0.00234, 0.999864, 0.016324, 0.653745, 0.0, 0.0, 0.0, 1.0],
                [0.865251, -0.007116, 0.501288, -0.050651, 0.501337, 0.015203, -0.865119, -2.35156, -0.001465, 0.999859, 0.016722, 0.661818, 0.0, 0.0, 0.0, 1.0],
                [0.879279, -0.007601, 0.476247, -0.051514, 0.476307, 0.015311, -0.879146, -2.344461, -0.00061, 0.999854, 0.017083, 0.669626, 0.0, 0.0, 0.0, 1.0],
                [0.892026, -0.008061, 0.451911, -0.052342, 0.451983, 0.015426, -0.891893, -2.33765, 0.000218, 0.999848, 0.017404, 0.677116, 0.0, 0.0, 0.0, 1.0],
                [0.903501, -0.008495, 0.428503, -0.05313, 0.428586, 0.015547, -0.903367, -2.331169, 0.001012, 0.999843, 0.017688, 0.684242, 0.0, 0.0, 0.0, 1.0],
                [0.913731, -0.0089, 0.406222, -0.053873, 0.406316, 0.015672, -0.913598, -2.325058, 0.001765, 0.999838, 0.017936, 0.690963, 0.0, 0.0, 0.0, 1.0],
                [0.922766, -0.009275, 0.385249, -0.054567, 0.385353, 0.015797, -0.922634, -2.319348, 0.002472, 0.999832, 0.018151, 0.697242, 0.0, 0.0, 0.0, 1.0],
                [0.930667, -0.009617, 0.36574, -0.055209, 0.365853, 0.015919, -0.930536, -2.31407, 0.003127, 0.999827, 0.018334, 0.703045, 0.0, 0.0, 0.0, 1.0],
                [0.937506, -0.009927, 0.347827, -0.055795, 0.347948, 0.016037, -0.937377, -2.309248, 0.003727, 0.999822, 0.018489, 0.708348, 0.0, 0.0, 0.0, 1.0],
                [0.943359, -0.010203, 0.331617, -0.056323, 0.331746, 0.016148, -0.94323, -2.304902, 0.004269, 0.999818, 0.018618, 0.713128, 0.0, 0.0, 0.0, 1.0],
                [0.948302, -0.010446, 0.317197, -0.056792, 0.317333, 0.01625, -0.948175, -2.301048, 0.00475, 0.999813, 0.018725, 0.717366, 0.0, 0.0, 0.0, 1.0],
                [0.952411, -0.010656, 0.304632, -0.0572, 0.304774, 0.016341, -0.952284, -2.297697, 0.005169, 0.99981, 0.018811, 0.721051, 0.0, 0.0, 0.0, 1.0],
                [0.955754, -0.010832, 0.293968, -0.057545, 0.294116, 0.016421, -0.955629, -2.294858, 0.005524, 0.999807, 0.01888, 0.724173, 0.0, 0.0, 0.0, 1.0],
                [0.958395, -0.010975, 0.285236, -0.057827, 0.285387, 0.016487, -0.95827, -2.292536, 0.005814, 0.999804, 0.018933, 0.726727, 0.0, 0.0, 0.0, 1.0],
                [0.960387, -0.011085, 0.278451, -0.058046, 0.278606, 0.01654, -0.960263, -2.290733, 0.006039, 0.999802, 0.018973, 0.728709, 0.0, 0.0, 0.0, 1.0],
                [0.961774, -0.011163, 0.273617, -0.058202, 0.273775, 0.016577, -0.961651, -2.28945, 0.006199, 0.9998, 0.019, 0.73012, 0.0, 0.0, 0.0, 1.0],
                [0.96259, -0.01121, 0.270729, -0.058295, 0.270887, 0.0166, -0.962468, -2.288683, 0.006295, 0.999799, 0.019016, 0.730963, 0.0, 0.0, 0.0, 1.0],
                [0.962859, -0.011225, 0.26977, -0.058326, 0.26993, 0.016608, -0.962737, -2.288429, 0.006327, 0.999799, 0.019021, 0.731243, 0.0, 0.0, 0.0, 1.0],
                [0.962859, -0.011225, 0.26977, -0.058326, 0.26993, 0.016608, -0.962737, -2.288429, 0.006327, 0.999799, 0.019021, 0.731243, 0.0, 0.0, 0.0, 1.0],
                [0.962859, -0.011225, 0.26977, -0.058326, 0.26993, 0.016608, -0.962737, -2.288429, 0.006327, 0.999799, 0.019021, 0.731243, 0.0, 0.0, 0.0, 1.0],
                [0.962859, -0.011225, 0.26977, -0.058326, 0.26993, 0.016608, -0.962737, -2.288429, 0.006327, 0.999799, 0.019021, 0.731243, 0.0, 0.0, 0.0, 1.0],
                [0.962859, -0.011225, 0.26977, -0.058326, 0.26993, 0.016608, -0.962737, -2.288429, 0.006327, 0.999799, 0.019021, 0.731243, 0.0, 0.0, 0.0, 1.0],
                [0.962859, -0.011225, 0.26977, -0.058326, 0.26993, 0.016608, -0.962737, -2.288429, 0.006327, 0.999799, 0.019021, 0.731243, 0.0, 0.0, 0.0, 1.0],
                [0.962859, -0.011225, 0.26977, -0.058326, 0.26993, 0.016608, -0.962737, -2.288429, 0.006327, 0.999799, 0.019021, 0.731243, 0.0, 0.0, 0.0, 1.0],
                [0.962859, -0.011225, 0.26977, -0.058326, 0.26993, 0.016608, -0.962737, -2.288429, 0.006327, 0.999799, 0.019021, 0.731243, 0.0, 0.0, 0.0, 1.0],
                [0.962859, -0.011225, 0.26977, -0.058326, 0.26993, 0.016608, -0.962737, -2.288429, 0.006327, 0.999799, 0.019021, 0.731243, 0.0, 0.0, 0.0, 1.0],
                [0.962859, -0.011225, 0.26977, -0.058326, 0.26993, 0.016608, -0.962737, -2.288429, 0.006327, 0.999799, 0.019021, 0.731243, 0.0, 0.0, 0.0, 1.0],
                [0.962859, -0.011225, 0.26977, -0.058326, 0.26993, 0.016608, -0.962737, -2.288429, 0.006327, 0.999799, 0.019021, 0.731243, 0.0, 0.0, 0.0, 1.0],
                [0.962859, -0.011225, 0.26977, -0.058326, 0.26993, 0.016608, -0.962737, -2.288429, 0.006327, 0.999799, 0.019021, 0.731243, 0.0, 0.0, 0.0, 1.0],
                [0.962859, -0.011225, 0.26977, -0.058326, 0.26993, 0.016608, -0.962737, -2.288429, 0.006327, 0.999799, 0.019021, 0.731243, 0.0, 0.0, 0.0, 1.0],
                [0.962859, -0.011225, 0.26977, -0.058326, 0.26993, 0.016608, -0.962737, -2.288429, 0.006327, 0.999799, 0.019021, 0.731243, 0.0, 0.0, 0.0, 1.0],
                [0.962859, -0.011225, 0.26977, -0.058326, 0.26993, 0.016608, -0.962737, -2.288429, 0.006327, 0.999799, 0.019021, 0.731243, 0.0, 0.0, 0.0, 1.0],
                [0.962859, -0.011225, 0.26977, -0.058326, 0.26993, 0.016608, -0.962737, -2.288429, 0.006327, 0.999799, 0.019021, 0.731243, 0.0, 0.0, 0.0, 1.0],
                [0.962859, -0.011225, 0.26977, -0.058326, 0.26993, 0.016608, -0.962737, -2.288429, 0.006327, 0.999799, 0.019021, 0.731243, 0.0, 0.0, 0.0, 1.0],
                [0.962859, -0.011225, 0.26977, -0.058326, 0.26993, 0.016608, -0.962737, -2.288429, 0.006327, 0.999799, 0.019021, 0.731243, 0.0, 0.0, 0.0, 1.0],
                [0.962859, -0.011225, 0.26977, -0.058326, 0.26993, 0.016608, -0.962737, -2.288429, 0.006327, 0.999799, 0.019021, 0.731243, 0.0, 0.0, 0.0, 1.0],
                [0.962859, -0.011225, 0.26977, -0.058326, 0.26993, 0.016608, -0.962737, -2.288429, 0.006327, 0.999799, 0.019021, 0.731243, 0.0, 0.0, 0.0, 1.0]
            ]
        },
        {
            "name": "Thigh_R",
            "time": [0.0, 0.0167, 0.0333, 0.05, 0.0667, 0.0833, 0.1, 0.1167, 0.1333, 0.15, 0.1667, 0.1833, 0.2, 0.2167, 0.2333, 0.25, 0.2667, 0.2833, 0.3, 0.3167, 0.3333, 0.35, 0.3667, 0.3833, 0.4, 0.4167, 0.4333, 0.45, 0.4667, 0.4833, 0.5, 0.5167, 0.5333, 0.55, 0.5667, 0.5833, 0.6, 0.6167, 0.6333, 0.65, 0.6667, 0.6833, 0.7, 0.7167, 0.7333, 0.75, 0.7667, 0.7833, 0.8, 0.8167, 0.8333, 0.85, 0.8667, 0.8833, 0.9, 0.9167, 0.9333, 0.95, 0.9667, 0.9833, 1.0, 1.0167, 1.0333, 1.05, 1.0667, 1.0833, 1.1, 1.1167, 1.1333, 1.15, 1.1667, 1.1833, 1.2, 1.2167, 1.2333, 1.25, 1.2667, 1.2833, 1.3, 1.3167, 1.3333, 1.35, 1.3667, 1.3833, 1.4, 1.4167, 1.4333, 1.45, 1.4667, 1.4833, 1.5, 1.5167, 1.5333, 1.55, 1.5667, 1.5833, 1.6, 1.6167, 1.6333, 1.65, 1.6667, 1.6833, 1.7, 1.7167, 1.7333, 1.75, 1.7667, 1.7833, 1.8, 1.8167, 1.8333, 1.85, 1.8667, 1.8833, 1.9, 1.9167, 1.9333, 1.95, 1.9667, 1.9833, 2.0, 2.0167, 2.0333, 2.05, 2.0667, 2.0833, 2.1, 2.1167, 2.1333, 2.15, 2.1667, 2.1833, 2.2, 2.2167, 2.2333, 2.25, 2.2667, 2.2833, 2.3, 2.3167, 2.3333, 2.35, 2.3667, 2.3833, 2.4, 2.4167, 2.4333, 2.45, 2.4667, 2.4833, 2.5],
            "transform": [
                [0.881086, 0.303775, 0.362501, 0.124994, 0.175235, -0.921584, 0.346368, -0.002831, 0.439295, -0.241657, -0.865229, -1.2e-05, 0.0, 0.0, 0.0, 1.0],
                [0.870941, 0.361674, 0.332645, 0.124994, 0.189349, -0.871687, 0.452003, -0.002831, 0.45344, -0.330681, -0.827672, -1.2e-05, 0.0, 0.0, 0.0, 1.0],
                [0.846471, 0.454675, 0.277049, 0.124994, 0.223123, -0.775367, 0.590778, -0.002831, 0.483428, -0.438259, -0.757776, -1.2e-05, 0.0, 0.0, 0.0, 1.0],
                [0.831664, 0.510198, 0.21916, 0.124994, 0.246543, -0.692925, 0.677546, -0.002831, 0.497545, -0.509456, -0.702069, -1.2e-05, 0.0, 0.0, 0.0, 1.0],
                [0.832063, 0.52436, 0.180876, 0.124994, 0.24978, -0.645362, 0.721882, -0.002831, 0.495258, -0.55547, -0.667959, -1.2e-05, 0.0, 0.0, 0.0, 1.0],
                [0.837918, 0.540164, 0.078187, 0.124994, 0.250123, -0.507358, 0.824635, -0.002831, 0.485109, -0.671419, -0.560235, -1.2e-05, 0.0, 0.0, 0.0, 1.0],
                [0.2967, 0.952714, 0.065586, 0.124994, 0.312962, -0.16189, 0.935867, -0.002831, 0.902232, -0.257145, -0.346197, -1.2e-05, 0.0, 0.0, 0.0, 1.0],
                [0.319332, 0.910586, 0.262406, 0.124994, 0.346954, -0.37002, 0.861805, -0.002831, 0.881844, -0.184158, -0.434092, -1.2e-05, 0.0, 0.0, 0.0, 1.0],
                [0.343427, 0.89275, 0.291634, 0.124994, 0.391089, -0.418255, 0.819823, -0.002831, 0.853876, -0.167494, -0.492787, -1.2e-05, 0.0, 0.0, 0.0, 1.0],
                [0.37917, 0.914734, 0.139596, 0.124994, 0.439836, -0.310896, 0.842548, -0.002831, 0.814108, -0.258069, -0.520218, -1.2e-05, 0.0, 0.0, 0.0, 1.0],
                [0.429098, 0.8974, 0.102682, 0.124993, 0.488961, -0.326359, 0.808954, -0.002831, 0.759467, -0.296912, -0.578836, -1.2e-05, 0.0, 0.0, 0.0, 1.0],
                [0.490044, 0.868658, 0.0727, 0.124994, 0.535483, -0.365793, 0.761218, -0.002831, 0.687832, -0.3341, -0.644409, -1.2e-05, 0.0, 0.0, 0.0, 1.0],
                [0.553018, 0.832143, 0.041278, 0.124994, 0.579588, -0.419821, 0.698445, -0.002831, 0.598537, -0.362327, -0.714473, -1.2e-05, 0.0, 0.0, 0.0, 1.0],
                [0.607979, 0.793762, -0.017302, 0.124995, 0.622728, -0.463228, 0.630578, -0.002831, 0.492515, -0.394151, -0.775934, -1.2e-05, 0.0, 0.0, 0.0, 1.0],
                [0.660893, 0.738765, -0.13207, 0.124994, 0.651163, -0.476991, 0.590308, -0.002831, 0.373103, -0.476128, -0.796301, -1.2e-05, 0.0, 0.0, 0.0, 1.0],
                [0.717322, 0.657806, -0.229643, 0.124994, 0.650524, -0.514272, 0.558874, -0.002831, 0.249532, -0.550278, -0.796822, -1.2e-05, 0.0, 0.0, 0.0, 1.0],
                [0.762745, 0.58236, -0.281199, 0.124995, 0.62924, -0.567964, 0.530539, -0.002831, 0.149254, -0.581604, -0.799661, -1.2e-05, 0.0, 0.0, 0.0, 1.0],
                [0.791639, 0.531329, -0.301654, 0.124994, 0.604435, -0.608921, 0.513683, -0.002831, 0.089251, -0.588978, -0.803204, -1.2e-05, 0.0, 0.0, 0.0, 1.0],
                [0.805472, 0.506749, -0.307274, 0.124994, 0.589377, -0.630693, 0.504834, -0.002831, 0.062029, -0.587728, -0.806676, -1.2e-05, 0.0, 0.0, 0.0, 1.0],
                [0.809385, 0.499819, -0.30834, 0.124994, 0.584803, -0.637807, 0.501202, -0.002831, 0.053849, -0.585981, -0.808532, -1.2e-05, 0.0, 0.0, 0.0, 1.0],
                [0.808634, 0.501357, -0.307815, 0.124994, 0.585655, -0.636329, 0.502086, -0.002831, 0.055853, -0.586274, -0.808183, -1.2e-05, 0.0, 0.0, 0.0, 1.0],
                [0.806932, 0.505151, -0.306074, 0.124994, 0.58738, -0.631914, 0.505634, -0.002831, 0.062008, -0.587792, -0.806631, -1.2e-05, 0.0, 0.0, 0.0, 1.0],
                [0.805357, 0.509401, -0.303163, 0.124994, 0.588708, -0.627386, 0.509713, -0.002831, 0.069448, -0.588973, -0.805162, -1.2e-05, 0.0, 0.0, 0.0, 1.0],
                [0.803907, 0.514067, -0.29911, 0.124995, 0.589619, -0.622891, 0.514153, -0.002831, 0.077997, -0.589689, -0.803854, -1.2e-05, 0.0, 0.0, 0.0, 1.0],
                [0.802563, 0.519091, -0.293998, 0.124995, 0.590121, -0.618539, 0.518811, -0.002831, 0.087461, -0.58987, -0.802746, -1.2e-05, 0.0, 0.0, 0.0, 1.0],
                [0.801306, 0.524387, -0.287967, 0.124995, 0.590237, -0.614416, 0.523555, -0.002831, 0.097614, -0.589495, -0.801851, -1.2e-05, 0.0, 0.0, 0.0, 1.0],
                [0.800737, 0.529438, -0.2802, 0.124994, 0.589123, -0.611385, 0.528336, -0.002831, 0.108411, -0.588129, -0.801467, -1.2e-05, 0.0, 0.0, 0.0, 1.0],
                [0.801474, 0.533691, -0.269834, 0.124994, 0.58591, -0.610383, 0.533047, -0.002831, 0.11978, -0.58532, -0.801905, -1.2e-05, 0.0, 0.0, 0.0, 1.0],
                [0.803433, 0.537012, -0.257119, 0.124994, 0.580717, -0.611498, 0.537433, -0.002831, 0.131381, -0.581104, -0.803153, -1.2e-05, 0.0, 0.0, 0.0, 1.0],
                [0.806397, 0.539335, -0.242566, 0.124994, 0.573868, -0.614606, 0.541233, -0.002831, 0.142823, -0.575648, -0.805127, -1.2e-05, 0.0, 0.0, 0.0, 1.0],
                [0.810015, 0.540691, -0.226996, 0.124994, 0.565913, -0.619315, 0.544232, -0.002831, 0.153679, -0.569294, -0.807642, -1.2e-05, 0.0, 0.0, 0.0, 1.0],
                [0.813842, 0.541229, -0.211493, 0.124994, 0.557604, -0.62497, 0.54634, -0.002831, 0.163518, -0.562562, -0.810422, -1.2e-05, 0.0, 0.0, 0.0, 1.0],
                [0.817435, 0.541195, -0.197243, 0.124994, 0.549754, -0.630772, 0.547627, -0.002831, 0.171958, -0.556083, -0.813142, -1.2e-05, 0.0, 0.0, 0.0, 1.0],
                [0.820443, 0.540885, -0.185244, 0.124994, 0.543082, -0.636015, 0.548219, -0.002831, 0.178705, -0.550383, -0.815562, -1.2e-05, 0.0, 0.0, 0.0, 1.0],
                [0.82265, 0.5405, -0.176366, 0.124994, 0.538094, -0.640014, 0.548482, -0.002831, 0.183578, -0.546109, -0.817351, -1.2e-05, 0.0, 0.0, 0.0, 1.0],
                [0.823971, 0.540221, -0.170971, 0.124994, 0.535061, -0.642486, 0.54856, -0.002831, 0.186497, -0.543476, -0.818444, -1.2e-05, 0.0, 0.0, 0.0, 1.0],
                [0.824403, 0.540123, -0.169182, 0.124995, 0.534056, -0.643309, 0.548575, -0.002831, 0.187461, -0.542598, -0.818806, -1.2e-05, 0.0, 0.0, 0.0, 1.0],
                [0.824404, 0.540123, -0.169182, 0.124995, 0.534056, -0.643309, 0.548575, -0.002831, 0.187461, -0.542598, -0.818806, -1.2e-05, 0.0, 0.0, 0.0, 1.0],
                [0.824404, 0.540123, -0.169182, 0.124995, 0.534056, -0.643309, 0.548575, -0.002831, 0.187461, -0.542598, -0.818806, -1.2e-05, 0.0, 0.0, 0.0, 1.0],
                [0.824404, 0.540123, -0.169182, 0.124995, 0.534056, -0.643309, 0.548575, -0.002831, 0.187461, -0.542598, -0.818806, -1.2e-05, 0.0, 0.0, 0.0, 1.0],
                [0.824404, 0.540123, -0.169182, 0.124995, 0.534056, -0.643309, 0.548575, -0.002831, 0.187461, -0.542598, -0.818806, -1.2e-05, 0.0, 0.0, 0.0, 1.0],
                [0.824404, 0.540123, -0.169182, 0.124995, 0.534056, -0.643309, 0.548575, -0.002831, 0.187461, -0.542598, -0.818806, -1.2e-05, 0.0, 0.0, 0.0, 1.0],
                [0.824404, 0.540123, -0.169182, 0.124995, 0.534056, -0.643309, 0.548575, -0.002831, 0.187461, -0.542598, -0.818806, -1.2e-05, 0.0, 0.0, 0.0, 1.0],
                [0.824404, 0.540123, -0.169182, 0.124995, 0.534056, -0.643309, 0.548575, -0.002831, 0.187461, -0.542598, -0.818806, -1.2e-05, 0.0, 0.0, 0.0, 1.0],
                [0.824404, 0.540123, -0.169182, 0.124995, 0.534056, -0.643309, 0.548575, -0.002831, 0.187461, -0.542598, -0.818806, -1.2e-05, 0.0, 0.0, 0.0, 1.0],
                [0.824404, 0.540123, -0.169182, 0.124995, 0.534056, -0.643309, 0.548575, -0.002831, 0.187461, -0.542598, -0.818806, -1.2e-05, 0.0, 0.0, 0.0, 1.0],
                [0.824404, 0.540123, -0.169182, 0.124995, 0.534056, -0.643309, 0.548575, -0.002831, 0.187461, -0.542598, -0.818806, -1.2e-05, 0.0, 0.0, 0.0, 1.0],
                [0.824404, 0.540123, -0.169182, 0.124995, 0.534056, -0.643309, 0.548575, -0.002831, 0.187461, -0.542598, -0.818806, -1.2e-05, 0.0, 0.0, 0.0, 1.0],
                [0.824404, 0.540123, -0.169182, 0.124995, 0.534056, -0.643309, 0.548575, -0.002831, 0.187461, -0.542598, -0.818806, -1.2e-05, 0.0, 0.0, 0.0, 1.0],
                [0.825931, 0.534562, -0.179111, 0.124993, 0.533069, -0.637074, 0.556751, -0.002831, 0.183512, -0.555314, -0.811139, -1.2e-05, 0.0, 0.0, 0.0, 1.0],
                [0.830325, 0.518324, -0.204691, 0.124994, 0.53003, -0.621072, 0.577352, -0.002831, 0.172128, -0.58788, -0.790422, -1.2e-05, 0.0, 0.0, 0.0, 1.0],
                [0.835178, 0.499764, -0.22959, 0.124993, 0.526423, -0.605553, 0.59681, -0.002831, 0.159235, -0.619302, -0.768835, -1.2e-05, 0.0, 0.0, 0.0, 1.0],
                [0.837122, 0.492087, -0.238901, 0.124994, 0.524914, -0.599757, 0.603948, -0.002831, 0.153912, -0.630979, -0.760377, -1.2e-05, 0.0, 0.0, 0.0, 1.0],
                [0.837045, 0.492396, -0.238535, 0.124994, 0.524975, -0.599985, 0.603669, -0.002831, 0.154127, -0.630521, -0.760714, -1.2e-05, 0.0, 0.0, 0.0, 1.0],
                [0.836813, 0.493321, -0.237437, 0.124995, 0.525157, -0.600669, 0.60283, -0.002831, 0.154768, -0.629146, -0.761722, -1.2e-05, 0.0, 0.0, 0.0, 1.0],
                [0.836429, 0.494842, -0.235616, 0.124994, 0.525457, -0.601802, 0.601438, -0.002831, 0.155823, -0.626864, -0.763386, -1.2e-05, 0.0, 0.0, 0.0, 1.0],
                [0.835902, 0.496924, -0.233093, 0.124994, 0.525865, -0.603373, 0.599503, -0.002831, 0.157265, -0.6237, -0.765679, -1.2e-05, 0.0, 0.0, 0.0, 1.0],
                [0.835243, 0.49951, -0.229905, 0.124994, 0.526373, -0.605358, 0.597052, -0.002831, 0.159059, -0.619698, -0.768552, -1.2e-05, 0.0, 0.0, 0.0, 1.0],
                [0.834468, 0.50253, -0.226107, 0.124993, 0.526965, -0.607722, 0.59412, -0.002831, 0.161153, -0.614923, -0.771944, -1.2e-05, 0.0, 0.0, 0.0, 1.0],
                [0.833599, 0.505893, -0.221773, 0.124994, 0.527622, -0.610422, 0.59076, -0.002831, 0.163486, -0.609468, -0.77577, -1.2e-05, 0.0, 0.0, 0.0, 1.0],
                [0.832658, 0.5095, -0.216998, 0.124994, 0.528325, -0.613397, 0.587039, -0.002831, 0.165991, -0.603446, -0.779935, -1.2e-05, 0.0, 0.0, 0.0, 1.0],
                [0.831674, 0.513241, -0.211894, 0.124994, 0.529051, -0.616579, 0.583038, -0.002831, 0.168591, -0.596998, -0.784327, -1.2e-05, 0.0, 0.0, 0.0, 1.0],
                [0.830677, 0.517007, -0.206588, 0.124994, 0.529777, -0.619888, 0.578855, -0.002831, 0.17121, -0.590284, -0.788827, -1.2e-05, 0.0, 0.0, 0.0, 1.0],
                [0.829693, 0.520691, -0.20122, 0.124995, 0.530482, -0.623239, 0.574595, -0.002831, 0.173779, -0.583479, -0.793317, -1.2e-05, 0.0, 0.0, 0.0, 1.0],
                [0.828748, 0.5242, -0.195927, 0.124994, 0.531148, -0.626545, 0.570368, -0.002831, 0.17623, -0.576756, -0.79768, -1.2e-05, 0.0, 0.0, 0.0, 1.0],
                [0.827868, 0.527456, -0.190846, 0.124995, 0.53176, -0.629723, 0.566284, -0.002831, 0.17851, -0.570291, -0.80181, -1.2e-05, 0.0, 0.0, 0.0, 1.0],
                [0.827068, 0.530398, -0.186103, 0.124994, 0.532306, -0.632692, 0.562449, -0.002831, 0.180576, -0.564245, -0.805616, -1.2e-05, 0.0, 0.0, 0.0, 1.0],
                [0.826363, 0.53298, -0.181806, 0.124995, 0.53278, -0.635384, 0.558955, -0.002831, 0.182395, -0.55876, -0.809022, -1.2e-05, 0.0, 0.0, 0.0, 1.0],
                [0.825762, 0.535177, -0.178046, 0.124994, 0.533179, -0.637741, 0.555881, -0.002831, 0.183947, -0.553954, -0.81197, -1.2e-05, 0.0, 0.0, 0.0, 1.0],
                [0.82527, 0.536971, -0.174899, 0.124994, 0.533501, -0.639718, 0.553296, -0.00283, 0.185218, -0.549925, -0.814417, -1.2e-05, 0.0, 0.0, 0.0, 1.0],
                [0.824889, 0.538359, -0.172411, 0.124995, 0.533746, -0.64128, 0.551246, -0.002831, 0.186204, -0.546739, -0.816335, -1.2e-05, 0.0, 0.0, 0.0, 1.0],
                [0.824619, 0.539344, -0.170619, 0.124994, 0.53392, -0.642406, 0.549765, -0.002831, 0.186906, -0.544441, -0.81771, -1.2e-05, 0.0, 0.0, 0.0, 1.0],
                [0.824457, 0.53993, -0.169541, 0.124994, 0.534022, -0.643083, 0.548872, -0.002831, 0.187324, -0.543058, -0.818532, -1.2e-05, 0.0, 0.0, 0.0, 1.0],
                [0.824404, 0.540123, -0.169182, 0.124995, 0.534056, -0.643309, 0.548575, -0.002831, 0.187461, -0.542598, -0.818806, -1.2e-05, 0.0, 0.0, 0.0, 1.0],
                [0.824404, 0.540123, -0.169182, 0.124995, 0.534056, -0.643309, 0.548575, -0.002831, 0.187461, -0.542598, -0.818806, -1.2e-05, 0.0, 0.0, 0.0, 1.0],
                [0.824404, 0.540123, -0.169182, 0.124995, 0.534056, -0.643309, 0.548575, -0.002831, 0.187461, -0.542598, -0.818806, -1.2e-05, 0.0, 0.0, 0.0, 1.0],
                [0.824404, 0.540123, -0.169182, 0.124995, 0.534056, -0.643309, 0.548575, -0.002831, 0.187461, -0.542598, -0.818806, -1.2e-05, 0.0, 0.0, 0.0, 1.0],
                [0.824404, 0.540123, -0.169182, 0.124995, 0.534056, -0.643309, 0.548575, -0.002831, 0.187461, -0.542598, -0.818806, -1.2e-05, 0.0, 0.0, 0.0, 1.0],
                [0.824404, 0.540123, -0.169182, 0.124995, 0.534056, -0.643309, 0.548575, -0.002831, 0.187461, -0.542598, -0.818806, -1.2e-05, 0.0, 0.0, 0.0, 1.0],
                [0.824404, 0.540123, -0.169182, 0.124995, 0.534056, -0.643309, 0.548575, -0.002831, 0.187461, -0.542598, -0.818806, -1.2e-05, 0.0, 0.0, 0.0, 1.0],
                [0.824404, 0.540123, -0.169182, 0.124995, 0.534056, -0.643309, 0.548575, -0.002831, 0.187461, -0.542598, -0.818806, -1.2e-05, 0.0, 0.0, 0.0, 1.0],
                [0.824404, 0.540123, -0.169182, 0.124995, 0.534056, -0.643309, 0.548575, -0.002831, 0.187461, -0.542598, -0.818806, -1.2e-05, 0.0, 0.0, 0.0, 1.0],
