{
    "animation": [
        {
            "name": "Root",
            "time": [0.0, 0.0167, 0.0333, 0.05, 0.0667, 0.0833, 0.1, 0.1167, 0.1333, 0.15, 0.1667, 0.1833, 0.2, 0.2167, 0.2333, 0.25, 0.2667, 0.2833, 0.3, 0.3167, 0.3333, 0.35, 0.3667, 0.3833, 0.4, 0.4167, 0.4333, 0.45, 0.4667, 0.4833, 0.5, 0.5167, 0.5333, 0.55, 0.5667, 0.5833, 0.6, 0.6167, 0.6333, 0.65, 0.6667, 0.6833, 0.7, 0.7167, 0.7333, 0.75, 0.7667, 0.7833, 0.8, 0.8167, 0.8333, 0.85, 0.8667, 0.8833, 0.9, 0.9167, 0.9333, 0.95, 0.9667, 0.9833, 1.0, 1.0167, 1.0333, 1.05, 1.0667, 1.0833, 1.1, 1.1167, 1.1333, 1.15, 1.1667, 1.1833, 1.2, 1.2167, 1.2333, 1.25, 1.2667, 1.2833, 1.3, 1.3167, 1.3333, 1.35, 1.3667, 1.3833, 1.4, 1.4167, 1.4333, 1.45, 1.4667, 1.4833, 1.5, 1.5167, 1.5333, 1.55],
            "transform": [
                [0.832895, -0.032653, -0.552467, 0.051187, -0.552124, 0.019537, -0.833533, 0.064933, 0.038011, 0.999276, -0.001756, 0.751243, 0.0, 0.0, 0.0, 1.0],
                [0.823813, -0.032653, -0.565921, 0.051187, -0.565588, 0.019537, -0.824456, 0.068269, 0.037978, 0.999276, -0.002373, 0.748575, 0.0, 0.0, 0.0, 1.0],
                [0.803648, -0.032653, -0.594209, 0.051187, -0.593899, 0.019537, -0.804302, 0.081368, 0.037872, 0.999276, -0.003691, 0.740564, 0.0, 0.0, 0.0, 1.0],
                [0.793891, -0.032653, -0.607183, 0.051187, -0.606884, 0.019537, -0.794551, 0.103078, 0.037807, 0.999276, -0.004306, 0.730798, 0.0, 0.0, 0.0, 1.0],
                [0.812583, -0.032653, -0.58193, 0.051187, -0.58161, 0.019537, -0.813233, 0.12347, 0.037924, 0.999276, -0.003116, 0.71787, 0.0, 0.0, 0.0, 1.0],
                [0.862476, -0.032653, -0.505044, 0.051187, -0.504666, 0.019537, -0.863094, 0.151722, 0.03805, 0.999276, 0.000372, 0.702668, 0.0, 0.0, 0.0, 1.0],
                [0.911619, -0.032653, -0.409738, 0.051187, -0.409296, 0.019537, -0.912193, 0.209137, 0.037791, 0.999276, 0.004446, 0.695539, 0.0, 0.0, 0.0, 1.0],
                [0.951478, -0.032661, -0.305977, 0.051187, -0.305474, 0.019544, -0.952, 0.303929, 0.037073, 0.999275, 0.008619, 0.694592, 0.0, 0.0, 0.0, 1.0],
                [0.983089, -0.032671, -0.180189, 0.051187, -0.179622, 0.01955, -0.983541, 0.428801, 0.035656, 0.999275, 0.013351, 0.694499, 0.0, 0.0, 0.0, 1.0],
                [0.998095, -0.032653, -0.052341, 0.051187, -0.051722, 0.019537, -0.99847, 0.537857, 0.033626, 0.999276, 0.017811, 0.693551, 0.0, 0.0, 0.0, 1.0],
                [0.99672, -0.032621, 0.074056, 0.047488, 0.074717, 0.01952, -0.997014, 0.62494, 0.031078, 0.999277, 0.021893, 0.69226, 0.0, 0.0, 0.0, 1.0],
                [0.978462, -0.032598, 0.203837, 0.036138, 0.204529, 0.019512, -0.978666, 0.701623, 0.027926, 0.999278, 0.025759, 0.690589, 0.0, 0.0, 0.0, 1.0],
                [0.944125, -0.032586, 0.327974, 0.02027, 0.328687, 0.019511, -0.944237, 0.767849, 0.02437, 0.999278, 0.029132, 0.686132, 0.0, 0.0, 0.0, 1.0],
                [0.89816, -0.032579, 0.43846, 0.005167, 0.439181, 0.019514, -0.898187, 0.828534, 0.020706, 0.999279, 0.031834, 0.677805, 0.0, 0.0, 0.0, 1.0],
                [0.843257, -0.03258, 0.536522, -0.010519, 0.537241, 0.019518, -0.843203, 0.883077, 0.017, 0.999279, 0.033962, 0.659803, 0.0, 0.0, 0.0, 1.0],
                [0.790879, -0.032591, 0.611104, -0.026196, 0.611816, 0.019524, -0.790759, 0.921811, 0.01384, 0.999278, 0.035381, 0.636303, 0.0, 0.0, 0.0, 1.0],
                [0.741826, -0.032603, 0.669799, -0.04103, 0.6705, 0.019529, -0.741652, 0.951645, 0.0111, 0.999277, 0.036348, 0.614658, 0.0, 0.0, 0.0, 1.0],
                [0.69298, -0.03262, 0.720219, -0.05719, 0.720907, 0.019533, -0.692757, 0.974869, 0.00853, 0.999277, 0.037052, 0.590263, 0.0, 0.0, 0.0, 1.0],
                [0.650702, -0.032637, 0.758631, -0.07151, 0.759306, 0.019536, -0.650441, 0.991434, 0.006408, 0.999276, 0.037494, 0.567688, 0.0, 0.0, 0.0, 1.0],
                [0.61959, -0.032649, 0.784247, -0.080659, 0.784911, 0.019537, -0.619301, 1.003811, 0.004898, 0.999276, 0.037732, 0.552066, 0.0, 0.0, 0.0, 1.0],
                [0.599394, -0.032653, 0.799788, -0.083568, 0.800445, 0.019537, -0.599088, 1.015191, 0.003936, 0.999276, 0.037848, 0.545346, 0.0, 0.0, 0.0, 1.0],
                [0.584829, -0.032653, 0.810499, -0.082773, 0.81115, 0.019537, -0.584511, 1.025596, 0.003251, 0.999276, 0.037913, 0.543053, 0.0, 0.0, 0.0, 1.0],
                [0.572936, -0.032653, 0.818949, -0.080407, 0.819596, 0.019537, -0.572609, 1.033313, 0.002697, 0.999276, 0.037956, 0.541204, 0.0, 0.0, 0.0, 1.0],
                [0.564337, -0.032653, 0.824899, -0.076765, 0.825542, 0.019537, -0.564003, 1.038314, 0.0023, 0.999276, 0.037982, 0.539878, 0.0, 0.0, 0.0, 1.0],
                [0.559127, -0.032653, 0.828439, -0.072563, 0.829079, 0.019537, -0.55879, 1.041164, 0.002061, 0.999276, 0.037996, 0.539079, 0.0, 0.0, 0.0, 1.0],
                [0.556668, -0.032653, 0.830093, -0.06874, 0.830733, 0.019537, -0.556329, 1.042951, 0.001948, 0.999276, 0.038002, 0.538704, 0.0, 0.0, 0.0, 1.0],
                [0.555887, -0.032653, 0.830616, -0.066044, 0.831256, 0.019537, -0.555547, 1.044812, 0.001912, 0.999276, 0.038004, 0.538584, 0.0, 0.0, 0.0, 1.0],
                [0.555793, -0.032653, 0.830679, -0.064815, 0.831319, 0.019537, -0.555453, 1.04751, 0.001908, 0.999276, 0.038004, 0.53857, 0.0, 0.0, 0.0, 1.0],
                [0.556271, -0.032642, 0.830359, -0.064352, 0.830999, 0.01951, -0.555932, 1.050725, 0.001947, 0.999277, 0.037979, 0.538808, 0.0, 0.0, 0.0, 1.0],
                [0.557723, -0.03261, 0.829386, -0.063905, 0.830024, 0.019426, -0.557389, 1.053852, 0.002065, 0.999279, 0.037902, 0.539528, 0.0, 0.0, 0.0, 1.0],
                [0.56017, -0.032557, 0.827737, -0.063477, 0.828374, 0.019287, -0.559843, 1.056887, 0.002262, 0.999284, 0.037773, 0.54074, 0.0, 0.0, 0.0, 1.0],
                [0.563627, -0.032482, 0.82539, -0.063068, 0.826025, 0.019092, -0.56331, 1.059828, 0.002539, 0.99929, 0.037591, 0.542452, 0.0, 0.0, 0.0, 1.0],
                [0.568102, -0.032386, 0.822321, -0.062679, 0.822953, 0.01884, -0.567796, 1.062668, 0.002896, 0.999298, 0.037355, 0.544666, 0.0, 0.0, 0.0, 1.0],
                [0.573592, -0.032271, 0.818505, -0.062311, 0.819134, 0.018534, -0.573302, 1.065406, 0.003331, 0.999307, 0.037065, 0.547383, 0.0, 0.0, 0.0, 1.0],
                [0.580085, -0.032137, 0.813922, -0.061965, 0.814547, 0.018175, -0.579813, 1.068039, 0.003841, 0.999318, 0.03672, 0.550599, 0.0, 0.0, 0.0, 1.0],
                [0.587558, -0.031987, 0.808549, -0.061641, 0.80917, 0.017763, -0.587306, 1.070562, 0.004424, 0.99933, 0.03632, 0.554305, 0.0, 0.0, 0.0, 1.0],
                [0.595972, -0.031823, 0.802374, -0.061339, 0.802989, 0.017303, -0.595743, 1.072976, 0.005075, 0.999344, 0.035866, 0.558484, 0.0, 0.0, 0.0, 1.0],
                [0.605275, -0.031647, 0.795387, -0.061061, 0.795995, 0.016798, -0.60507, 1.075279, 0.005788, 0.999358, 0.035358, 0.563117, 0.0, 0.0, 0.0, 1.0],
                [0.6154, -0.031462, 0.787587, -0.060805, 0.788188, 0.016252, -0.61522, 1.077472, 0.006556, 0.999373, 0.034799, 0.568174, 0.0, 0.0, 0.0, 1.0],
                [0.626265, -0.031271, 0.778983, -0.060573, 0.779575, 0.015671, -0.626112, 1.079555, 0.007372, 0.999388, 0.034192, 0.573621, 0.0, 0.0, 0.0, 1.0],
                [0.637775, -0.031077, 0.769596, -0.060363, 0.770179, 0.015061, -0.63765, 1.081532, 0.008226, 0.999404, 0.03354, 0.579416, 0.0, 0.0, 0.0, 1.0],
                [0.64982, -0.030884, 0.75946, -0.060175, 0.760033, 0.014429, -0.649724, 1.083406, 0.009108, 0.999419, 0.032849, 0.585511, 0.0, 0.0, 0.0, 1.0],
                [0.662284, -0.030694, 0.748624, -0.060008, 0.749186, 0.013783, -0.662217, 1.085183, 0.010008, 0.999434, 0.032124, 0.591855, 0.0, 0.0, 0.0, 1.0],
                [0.675042, -0.03051, 0.737148, -0.059862, 0.737698, 0.013131, -0.675003, 1.086868, 0.010915, 0.999448, 0.031371, 0.598388, 0.0, 0.0, 0.0, 1.0],
                [0.687966, -0.030335, 0.725109, -0.059734, 0.725647, 0.012483, -0.687954, 1.088468, 0.011818, 0.999462, 0.0306, 0.605051, 0.0, 0.0, 0.0, 1.0],
                [0.700929, -0.030171, 0.712592, -0.059623, 0.713117, 0.011846, -0.700944, 1.089993, 0.012706, 0.999475, 0.029819, 0.611782, 0.0, 0.0, 0.0, 1.0],
                [0.71381, -0.030018, 0.699695, -0.059528, 0.700207, 0.011231, -0.713851, 1.091452, 0.01357, 0.999486, 0.029036, 0.618521, 0.0, 0.0, 0.0, 1.0],
                [0.726496, -0.029879, 0.686521, -0.059447, 0.68702, 0.010645, -0.726561, 1.092852, 0.014401, 0.999497, 0.028261, 0.625206, 0.0, 0.0, 0.0, 1.0],
                [0.738883, -0.029752, 0.673176, -0.059377, 0.673662, 0.010096, -0.738971, 1.094204, 0.01519, 0.999506, 0.027502, 0.631783, 0.0, 0.0, 0.0, 1.0],
                [0.750884, -0.029639, 0.659769, -0.059317, 0.660242, 0.00959, -0.750991, 1.095518, 0.015931, 0.999515, 0.02677, 0.638198, 0.0, 0.0, 0.0, 1.0],
                [0.762422, -0.029539, 0.646405, -0.059265, 0.646866, 0.009135, -0.762549, 1.096801, 0.016619, 0.999522, 0.026073, 0.644406, 0.0, 0.0, 0.0, 1.0],
                [0.77344, -0.029449, 0.633184, -0.05922, 0.633634, 0.008736, -0.773583, 1.098064, 0.01725, 0.999528, 0.025417, 0.650364, 0.0, 0.0, 0.0, 1.0],
                [0.783893, -0.029371, 0.620201, -0.05918, 0.620641, 0.008396, -0.78405, 1.099314, 0.017821, 0.999533, 0.02481, 0.656038, 0.0, 0.0, 0.0, 1.0],
                [0.793748, -0.029301, 0.607541, -0.059142, 0.607971, 0.008119, -0.793918, 1.100557, 0.01833, 0.999538, 0.024258, 0.661399, 0.0, 0.0, 0.0, 1.0],
                [0.802987, -0.029238, 0.595279, -0.059107, 0.595701, 0.007907, -0.803167, 1.101802, 0.018776, 0.999541, 0.023766, 0.666424, 0.0, 0.0, 0.0, 1.0],
                [0.811602, -0.029181, 0.583481, -0.059071, 0.583896, 0.007762, -0.811791, 1.103054, 0.01916, 0.999544, 0.023338, 0.671093, 0.0, 0.0, 0.0, 1.0],
                [0.819594, -0.029129, 0.572204, -0.059036, 0.572613, 0.007684, -0.81979, 1.104318, 0.019483, 0.999546, 0.022977, 0.675395, 0.0, 0.0, 0.0, 1.0],
                [0.826971, -0.029079, 0.561492, -0.058999, 0.561897, 0.007674, -0.827171, 1.105597, 0.019745, 0.999548, 0.022686, 0.67932, 0.0, 0.0, 0.0, 1.0],
                [0.833747, -0.029032, 0.551383, -0.058959, 0.551786, 0.007732, -0.83395, 1.106897, 0.019948, 0.999549, 0.022465, 0.682864, 0.0, 0.0, 0.0, 1.0],
                [0.83994, -0.028984, 0.541905, -0.058916, 0.542308, 0.007855, -0.840143, 1.10822, 0.020094, 0.999549, 0.022317, 0.686024, 0.0, 0.0, 0.0, 1.0],
                [0.845875, -0.028907, 0.532598, -0.058872, 0.533, 0.008027, -0.846077, 1.109553, 0.020182, 0.99955, 0.022197, 0.688962, 0.0, 0.0, 0.0, 1.0],
                [0.851854, -0.028768, 0.522989, -0.05883, 0.52339, 0.008229, -0.852054, 1.110878, 0.020208, 0.999552, 0.022067, 0.691832, 0.0, 0.0, 0.0, 1.0],
                [0.85786, -0.028565, 0.513089, -0.058789, 0.513487, 0.008459, -0.858056, 1.112195, 0.02017, 0.999556, 0.021925, 0.694631, 0.0, 0.0, 0.0, 1.0],
                [0.863876, -0.0283, 0.502909, -0.058749, 0.503305, 0.008717, -0.864065, 1.1135, 0.020069, 0.999561, 0.021774, 0.697353, 0.0, 0.0, 0.0, 1.0],
                [0.869881, -0.027971, 0.492467, -0.058711, 0.492859, 0.009, -0.870063, 1.114791, 0.019904, 0.999568, 0.021615, 0.699993, 0.0, 0.0, 0.0, 1.0],
                [0.875855, -0.027579, 0.481785, -0.058675, 0.482173, 0.009307, -0.876027, 1.116065, 0.019676, 0.999576, 0.02145, 0.702544, 0.0, 0.0, 0.0, 1.0],
                [0.881775, -0.027125, 0.47089, -0.05864, 0.471272, 0.009635, -0.881935, 1.117319, 0.019385, 0.999586, 0.021279, 0.705002, 0.0, 0.0, 0.0, 1.0],
                [0.887616, -0.02661, 0.459815, -0.058607, 0.460191, 0.009982, -0.887764, 1.11855, 0.019034, 0.999596, 0.021106, 0.707361, 0.0, 0.0, 0.0, 1.0],
                [0.893355, -0.026037, 0.448597, -0.058577, 0.448966, 0.010346, -0.893489, 1.119756, 0.018623, 0.999607, 0.020932, 0.709615, 0.0, 0.0, 0.0, 1.0],
                [0.898966, -0.02541, 0.43728, -0.058547, 0.437641, 0.010722, -0.899086, 1.12093, 0.018157, 0.99962, 0.020759, 0.71176, 0.0, 0.0, 0.0, 1.0],
                [0.904426, -0.024732, 0.425914, -0.05852, 0.426266, 0.011108, -0.904529, 1.122072, 0.01764, 0.999632, 0.020589, 0.71379, 0.0, 0.0, 0.0, 1.0],
                [0.909709, -0.024008, 0.414553, -0.058495, 0.414896, 0.0115, -0.909796, 1.123177, 0.017075, 0.999646, 0.020423, 0.715703, 0.0, 0.0, 0.0, 1.0],
                [0.914792, -0.023246, 0.403255, -0.058472, 0.403589, 0.011895, -0.914863, 1.12424, 0.01647, 0.999659, 0.020263, 0.717494, 0.0, 0.0, 0.0, 1.0],
                [0.919655, -0.02245, 0.392084, -0.058451, 0.392407, 0.012289, -0.91971, 1.12526, 0.015829, 0.999672, 0.020111, 0.719161, 0.0, 0.0, 0.0, 1.0],
                [0.924279, -0.02163, 0.381104, -0.058432, 0.381416, 0.012679, -0.924317, 1.126232, 0.015161, 0.999686, 0.019969, 0.720703, 0.0, 0.0, 0.0, 1.0],
                [0.928648, -0.020793, 0.37038, -0.058415, 0.37068, 0.01306, -0.928669, 1.127154, 0.014473, 0.999698, 0.019836, 0.72212, 0.0, 0.0, 0.0, 1.0],
                [0.932748, -0.019948, 0.359976, -0.0584, 0.360265, 0.013431, -0.932753, 1.128023, 0.013772, 0.999711, 0.019715, 0.723412, 0.0, 0.0, 0.0, 1.0],
                [0.936571, -0.019104, 0.349956, -0.058387, 0.350233, 0.013788, -0.936561, 1.128837, 0.013067, 0.999722, 0.019605, 0.724583, 0.0, 0.0, 0.0, 1.0],
                [0.940112, -0.018269, 0.340377, -0.058375, 0.340642, 0.014129, -0.940087, 1.129594, 0.012366, 0.999733, 0.019506, 0.725634, 0.0, 0.0, 0.0, 1.0],
                [0.943366, -0.017453, 0.331293, -0.058365, 0.331547, 0.014451, -0.943328, 1.130294, 0.011676, 0.999743, 0.01942, 0.726571, 0.0, 0.0, 0.0, 1.0],
                [0.946337, -0.016663, 0.322752, -0.058357, 0.322994, 0.014753, -0.946286, 1.130936, 0.011006, 0.999752, 0.019344, 0.727398, 0.0, 0.0, 0.0, 1.0],
                [0.949027, -0.015908, 0.314793, -0.05835, 0.315024, 0.015034, -0.948965, 1.131519, 0.010363, 0.99976, 0.019279, 0.728121, 0.0, 0.0, 0.0, 1.0],
                [0.951443, -0.015193, 0.307449, -0.058344, 0.307669, 0.015292, -0.95137, 1.132046, 0.009753, 0.999768, 0.019224, 0.728748, 0.0, 0.0, 0.0, 1.0],
                [0.953594, -0.014526, 0.300744, -0.058339, 0.300955, 0.015526, -0.953512, 1.132515, 0.009182, 0.999774, 0.019178, 0.729285, 0.0, 0.0, 0.0, 1.0],
                [0.955489, -0.013912, 0.294697, -0.058335, 0.294899, 0.015737, -0.955399, 1.13293, 0.008654, 0.999779, 0.01914, 0.729739, 0.0, 0.0, 0.0, 1.0],
                [0.95714, -0.013355, 0.289318, -0.058332, 0.28951, 0.015925, -0.957042, 1.133291, 0.008174, 0.999784, 0.019109, 0.730117, 0.0, 0.0, 0.0, 1.0],
                [0.958557, -0.012859, 0.284609, -0.05833, 0.284794, 0.016089, -0.958454, 1.133601, 0.007746, 0.999788, 0.019084, 0.730427, 0.0, 0.0, 0.0, 1.0],
                [0.959753, -0.012426, 0.280571, -0.058329, 0.280749, 0.016229, -0.959644, 1.133862, 0.007371, 0.999791, 0.019064, 0.730677, 0.0, 0.0, 0.0, 1.0],
                [0.960738, -0.012058, 0.277195, -0.058328, 0.277368, 0.016347, -0.960625, 1.134076, 0.007052, 0.999794, 0.01905, 0.730872, 0.0, 0.0, 0.0, 1.0],
                [0.961523, -0.011757, 0.274471, -0.058327, 0.274639, 0.016442, -0.961407, 1.134246, 0.006791, 0.999796, 0.019038, 0.731019, 0.0, 0.0, 0.0, 1.0],
                [0.962119, -0.011524, 0.272384, -0.058326, 0.272548, 0.016515, -0.962, 1.134374, 0.006587, 0.999797, 0.01903, 0.731124, 0.0, 0.0, 0.0, 1.0],
                [0.962535, -0.011357, 0.270918, -0.058326, 0.27108, 0.016567, -0.962414, 1.134462, 0.006442, 0.999798, 0.019025, 0.731193, 0.0, 0.0, 0.0, 1.0],
                [0.962779, -0.011258, 0.270054, -0.058326, 0.270214, 0.016598, -0.962657, 1.134513, 0.006356, 0.999799, 0.019022, 0.731231, 0.0, 0.0, 0.0, 1.0],
                [0.962859, -0.011225, 0.26977, -0.058326, 0.26993, 0.016608, -0.962737, 1.13453, 0.006327, 0.999799, 0.019021, 0.731243, 0.0, 0.0, 0.0, 1.0]
            ]
        },
        {
            "name": "Thigh_R",
            "time": [0.0, 0.0167, 0.0333, 0.05, 0.0667, 0.0833, 0.1, 0.1167, 0.1333, 0.15, 0.1667, 0.1833, 0.2, 0.2167, 0.2333, 0.25, 0.2667, 0.2833, 0.3, 0.3167, 0.3333, 0.35, 0.3667, 0.3833, 0.4, 0.4167, 0.4333, 0.45, 0.4667, 0.4833, 0.5, 0.5167, 0.5333, 0.55, 0.5667, 0.5833, 0.6, 0.6167, 0.6333, 0.65, 0.6667, 0.6833, 0.7, 0.7167, 0.7333, 0.75, 0.7667, 0.7833, 0.8, 0.8167, 0.8333, 0.85, 0.8667, 0.8833, 0.9, 0.9167, 0.9333, 0.95, 0.9667, 0.9833, 1.0, 1.0167, 1.0333, 1.05, 1.0667, 1.0833, 1.1, 1.1167, 1.1333, 1.15, 1.1667, 1.1833, 1.2, 1.2167, 1.2333, 1.25, 1.2667, 1.2833, 1.3, 1.3167, 1.3333, 1.35, 1.3667, 1.3833, 1.4, 1.4167, 1.4333, 1.45, 1.4667, 1.4833, 1.5, 1.5167, 1.5333, 1.55],
            "transform": [
                [0.9996, 0.010666, -0.026195, 0.124994, 0.016398, -0.973171, 0.229489, -0.002831, -0.023044, -0.229826, -0.972958, -1.2e-05, 0.0, 0.0, 0.0, 1.0],
                [0.998573, 0.023865, 0.047776, 0.124994, 0.011066, -0.967644, 0.252065, -0.00283, 0.052246, -0.251176, -0.96653, -1.2e-05, 0.0, 0.0, 0.0, 1.0],
                [0.977883, 0.068945, 0.197458, 0.124994, 0.006363, -0.953472, 0.301409, -0.002831, 0.209052, -0.293486, -0.932824, -1.2e-05, 0.0, 0.0, 0.0, 1.0],
                [0.956713, 0.118446, 0.265837, 0.124994, 0.022045, -0.940301, 0.339622, -0.002831, 0.290194, -0.31906, -0.902212, -1.2e-05, 0.0, 0.0, 0.0, 1.0],
                [0.949836, 0.158354, 0.269693, 0.124994, 0.048697, -0.926702, 0.372621, -0.002831, 0.308932, -0.340795, -0.887929, -1.2e-05, 0.0, 0.0, 0.0, 1.0],
                [0.943329, 0.199916, 0.264882, 0.124994, 0.089455, -0.921817, 0.377156, -0.00283, 0.319572, -0.332086, -0.887463, -1.2e-05, 0.0, 0.0, 0.0, 1.0],
                [0.933651, 0.232706, 0.27229, 0.124994, 0.151937, -0.945722, 0.287266, -0.002831, 0.32436, -0.226835, -0.918333, -1.2e-05, 0.0, 0.0, 0.0, 1.0],
                [0.94125, 0.280527, 0.188021, 0.124994, 0.210227, -0.922445, 0.323876, -0.002831, 0.264296, -0.265321, -0.927228, -1.2e-05, 0.0, 0.0, 0.0, 1.0],
                [0.936117, 0.3516, -0.007771, 0.124994, 0.30399, -0.797849, 0.5206, -0.002831, 0.176843, -0.489704, -0.853766, -1.2e-05, 0.0, 0.0, 0.0, 1.0],
                [0.917586, 0.3844, -0.101346, 0.124994, 0.3689, -0.728346, 0.577426, -0.002831, 0.148148, -0.567223, -0.810128, -1.2e-05, 0.0, 0.0, 0.0, 1.0],
                [0.924679, 0.369361, -0.092416, 0.124994, 0.356723, -0.755568, 0.549419, -0.002831, 0.133108, -0.541002, -0.83042, -1.2e-05, 0.0, 0.0, 0.0, 1.0],
                [0.942236, 0.333976, -0.025513, 0.124994, 0.305013, -0.82405, 0.477395, -0.002831, 0.138414, -0.457599, -0.878319, -1.2e-05, 0.0, 0.0, 0.0, 1.0],
                [0.955737, 0.290102, 0.049059, 0.124994, 0.247856, -0.883697, 0.397043, -0.002831, 0.158536, -0.367308, -0.916487, -1.2e-05, 0.0, 0.0, 0.0, 1.0],
                [0.959061, 0.272567, 0.07687, 0.124994, 0.221631, -0.891352, 0.395433, -0.002831, 0.1763, -0.362207, -0.915272, -1.2e-05, 0.0, 0.0, 0.0, 1.0],
                [0.957558, 0.282315, 0.058138, 0.124994, 0.225782, -0.860031, 0.457564, -0.002831, 0.179178, -0.425017, -0.887274, -1.2e-05, 0.0, 0.0, 0.0, 1.0],
                [0.9492, 0.313797, 0.023458, 0.124994, 0.254534, -0.809484, 0.529097, -0.002831, 0.185018, -0.496247, -0.848237, -1.2e-05, 0.0, 0.0, 0.0, 1.0],
                [0.940818, 0.338672, -0.012702, 0.124994, 0.284333, -0.768357, 0.573392, -0.002831, 0.184432, -0.543067, -0.819183, -1.2e-05, 0.0, 0.0, 0.0, 1.0],
                [0.933188, 0.349887, -0.082086, 0.124994, 0.325917, -0.727651, 0.603572, -0.002831, 0.151452, -0.589997, -0.793072, -1.2e-05, 0.0, 0.0, 0.0, 1.0],
                [0.926296, 0.328458, -0.184632, 0.124994, 0.370629, -0.705967, 0.603524, -0.002831, 0.067889, -0.627469, -0.775675, -1.2e-05, 0.0, 0.0, 0.0, 1.0],
                [0.917036, 0.28473, -0.279238, 0.124994, 0.397449, -0.710187, 0.58109, -0.002831, -0.032858, -0.643859, -0.764437, -1.2e-05, 0.0, 0.0, 0.0, 1.0],
                [0.913172, 0.248148, -0.323324, 0.124994, 0.396173, -0.726742, 0.561149, -0.002831, -0.095726, -0.640515, -0.761954, -1.2e-05, 0.0, 0.0, 0.0, 1.0],
                [0.915063, 0.221389, -0.337114, 0.124994, 0.382201, -0.742888, 0.549577, -0.002831, -0.128768, -0.631741, -0.764408, -1.2e-05, 0.0, 0.0, 0.0, 1.0],
                [0.917255, 0.201395, -0.343631, 0.124994, 0.369515, -0.752295, 0.545441, -0.002831, -0.148664, -0.627283, -0.764468, -1.2e-05, 0.0, 0.0, 0.0, 1.0],
                [0.91987, 0.188976, -0.343696, 0.124994, 0.359827, -0.755313, 0.547744, -0.002831, -0.156088, -0.627523, -0.762791, -1.2e-05, 0.0, 0.0, 0.0, 1.0],
                [0.922548, 0.182308, -0.340098, 0.124994, 0.35322, -0.753825, 0.554056, -0.002831, -0.155366, -0.631271, -0.759838, -1.2e-05, 0.0, 0.0, 0.0, 1.0],
                [0.92516, 0.179562, -0.334419, 0.124994, 0.348631, -0.750408, 0.561553, -0.002831, -0.150118, -0.636114, -0.75685, -1.2e-05, 0.0, 0.0, 0.0, 1.0],
                [0.927879, 0.179603, -0.326776, 0.124994, 0.344762, -0.747083, 0.568334, -0.002831, -0.142055, -0.640004, -0.755125, -1.2e-05, 0.0, 0.0, 0.0, 1.0],
                [0.930937, 0.182049, -0.316566, 0.124994, 0.340724, -0.744911, 0.573595, -0.002831, -0.131392, -0.641841, -0.755495, -1.2e-05, 0.0, 0.0, 0.0, 1.0],
                [0.934079, 0.185679, -0.304989, 0.124994, 0.336435, -0.743799, 0.577556, -0.002831, -0.119611, -0.64209, -0.757239, -1.2e-05, 0.0, 0.0, 0.0, 1.0],
                [0.936965, 0.189194, -0.293771, 0.124994, 0.332143, -0.743343, 0.58062, -0.002831, -0.108523, -0.641594, -0.759327, -1.2e-05, 0.0, 0.0, 0.0, 1.0],
                [0.939627, 0.192572, -0.28287, 0.124994, 0.327845, -0.743494, 0.582865, -0.002831, -0.098069, -0.640412, -0.761743, -1.2e-05, 0.0, 0.0, 0.0, 1.0],
                [0.942094, 0.195812, -0.272243, 0.124994, 0.323547, -0.74421, 0.584351, -0.002831, -0.088183, -0.638595, -0.764472, -1.2e-05, 0.0, 0.0, 0.0, 1.0],
                [0.944388, 0.198932, -0.261833, 0.124994, 0.319255, -0.745453, 0.585126, -0.002831, -0.078784, -0.636177, -0.767509, -1.2e-05, 0.0, 0.0, 0.0, 1.0],
                [0.94653, 0.201961, -0.251577, 0.124994, 0.314976, -0.747185, 0.585236, -0.002831, -0.06978, -0.633183, -0.770849, -1.2e-05, 0.0, 0.0, 0.0, 1.0],
                [0.948539, 0.204943, -0.241397, 0.124994, 0.310718, -0.749371, 0.584718, -0.002831, -0.061062, -0.629632, -0.774488, -1.2e-05, 0.0, 0.0, 0.0, 1.0],
                [0.950425, 0.207935, -0.231203, 0.124994, 0.306488, -0.751973, 0.583608, -0.002831, -0.052506, -0.625536, -0.778426, -1.2e-05, 0.0, 0.0, 0.0, 1.0],
                [0.952199, 0.211004, -0.220891, 0.124994, 0.302295, -0.754959, 0.581938, -0.002831, -0.043973, -0.620894, -0.782659, -1.2e-05, 0.0, 0.0, 0.0, 1.0],
                [0.953868, 0.214223, -0.210341, 0.124994, 0.298142, -0.758291, 0.579744, -0.002831, -0.035306, -0.615709, -0.787181, -1.2e-05, 0.0, 0.0, 0.0, 1.0],
                [0.955433, 0.21767, -0.199419, 0.124994, 0.294033, -0.761936, 0.577057, -0.002831, -0.026337, -0.609974, -0.791982, -1.2e-05, 0.0, 0.0, 0.0, 1.0],
                [0.956887, 0.221426, -0.187979, 0.124994, 0.289967, -0.765856, 0.573916, -0.002831, -0.016885, -0.603679, -0.797046, -1.2e-05, 0.0, 0.0, 0.0, 1.0],
                [0.958223, 0.225563, -0.175863, 0.124994, 0.285939, -0.770017, 0.570358, -0.002831, -0.006767, -0.596816, -0.802348, -1.2e-05, 0.0, 0.0, 0.0, 1.0],
                [0.959423, 0.230143, -0.162915, 0.124994, 0.28194, -0.774383, 0.566425, -0.002831, 0.0042, -0.589372, -0.807849, -1.2e-05, 0.0, 0.0, 0.0, 1.0],
                [0.960457, 0.235217, -0.148978, 0.124994, 0.277956, -0.778919, 0.562159, -0.002831, 0.016188, -0.581337, -0.8135, -1.2e-05, 0.0, 0.0, 0.0, 1.0],
                [0.96129, 0.24081, -0.133906, 0.124994, 0.273969, -0.783594, 0.557599, -0.002831, 0.029347, -0.572699, -0.819239, -1.2e-05, 0.0, 0.0, 0.0, 1.0],
                [0.961875, 0.246924, -0.117578, 0.124994, 0.269959, -0.788384, 0.552784, -0.002831, 0.043799, -0.563449, -0.824988, -1.2e-05, 0.0, 0.0, 0.0, 1.0],
                [0.962154, 0.253526, -0.09991, 0.124994, 0.265902, -0.793257, 0.547756, -0.002831, 0.059616, -0.553591, -0.830651, -1.2e-05, 0.0, 0.0, 0.0, 1.0],
                [0.962066, 0.260556, -0.080863, 0.124994, 0.261777, -0.798189, 0.542552, -0.002831, 0.076821, -0.543138, -0.836121, -1.2e-05, 0.0, 0.0, 0.0, 1.0],
                [0.961542, 0.26792, -0.060455, 0.124994, 0.257566, -0.803162, 0.537203, -0.002831, 0.095373, -0.532113, -0.841284, -1.2e-05, 0.0, 0.0, 0.0, 1.0],
                [0.960519, 0.275498, -0.038765, 0.124994, 0.253258, -0.808156, 0.531732, -0.002831, 0.115163, -0.520555, -0.846025, -1.2e-05, 0.0, 0.0, 0.0, 1.0],
                [0.958943, 0.283149, -0.015945, 0.124994, 0.248852, -0.813157, 0.52616, -0.002831, 0.136016, -0.508525, -0.850236, -1.2e-05, 0.0, 0.0, 0.0, 1.0],
                [0.956776, 0.29072, 0.007793, 0.124994, 0.244358, -0.818146, 0.520502, -0.002831, 0.157696, -0.496099, -0.853825, -1.2e-05, 0.0, 0.0, 0.0, 1.0],
                [0.954005, 0.298055, 0.032177, 0.124994, 0.239799, -0.823109, 0.514765, -0.002831, 0.179914, -0.483372, -0.856727, -1.2e-05, 0.0, 0.0, 0.0, 1.0],
                [0.950648, 0.305011, 0.056887, 0.124994, 0.235213, -0.828026, 0.508965, -0.002831, 0.202344, -0.470464, -0.858905, -1.2e-05, 0.0, 0.0, 0.0, 1.0],
                [0.94675, 0.311462, 0.081575, 0.124994, 0.230648, -0.832869, 0.503118, -0.002831, 0.224643, -0.457511, -0.86036, -1.2e-05, 0.0, 0.0, 0.0, 1.0],
                [0.942393, 0.317309, 0.105875, 0.124994, 0.226165, -0.83761, 0.497247, -0.002831, 0.246463, -0.444655, -0.861125, -1.2e-05, 0.0, 0.0, 0.0, 1.0],
                [0.937682, 0.322489, 0.129431, 0.124994, 0.22183, -0.842214, 0.491388, -0.002831, 0.267476, -0.432053, -0.86127, -1.2e-05, 0.0, 0.0, 0.0, 1.0],
                [0.932744, 0.326973, 0.151904, 0.124994, 0.217711, -0.846643, 0.485587, -0.002831, 0.287383, -0.419857, -0.86089, -1.2e-05, 0.0, 0.0, 0.0, 1.0],
                [0.92772, 0.330767, 0.172991, 0.124994, 0.213875, -0.850852, 0.4799, -0.002831, 0.305925, -0.408214, -0.860098, -1.2e-05, 0.0, 0.0, 0.0, 1.0],
                [0.922755, 0.333907, 0.192427, 0.124994, 0.210389, -0.854798, 0.474398, -0.00283, 0.322891, -0.397268, -0.859022, -1.2e-05, 0.0, 0.0, 0.0, 1.0],
                [0.917986, 0.336453, 0.209997, 0.124994, 0.207307, -0.858438, 0.469153, -0.002831, 0.338117, -0.387141, -0.857786, -1.2e-05, 0.0, 0.0, 0.0, 1.0],
                [0.913359, 0.338486, 0.226276, 0.124994, 0.204463, -0.861904, 0.464017, -0.002831, 0.352092, -0.377548, -0.856439, -1.2e-05, 0.0, 0.0, 0.0, 1.0],
                [0.908761, 0.340037, 0.241923, 0.124994, 0.201662, -0.865356, 0.458789, -0.002831, 0.365355, -0.368142, -0.854977, -1.2e-05, 0.0, 0.0, 0.0, 1.0],
                [0.904245, 0.341112, 0.256872, 0.124994, 0.198918, -0.868787, 0.453472, -0.002831, 0.377853, -0.358952, -0.853452, -1.1e-05, 0.0, 0.0, 0.0, 1.0],
                [0.899861, 0.341721, 0.271064, 0.124994, 0.196242, -0.872191, 0.448073, -0.002831, 0.389536, -0.350009, -0.851913, -1.2e-05, 0.0, 0.0, 0.0, 1.0],
                [0.89566, 0.341879, 0.284445, 0.124994, 0.193647, -0.875559, 0.442599, -0.002831, 0.400364, -0.341336, -0.85041, -1.2e-05, 0.0, 0.0, 0.0, 1.0],
                [0.891691, 0.341611, 0.296965, 0.124994, 0.191147, -0.878881, 0.437066, -0.002831, 0.410305, -0.332963, -0.848991, -1.2e-05, 0.0, 0.0, 0.0, 1.0],
                [0.887994, 0.340942, 0.308584, 0.124994, 0.188756, -0.882149, 0.431485, -0.002831, 0.41933, -0.324908, -0.8477, -1.2e-05, 0.0, 0.0, 0.0, 1.0],
                [0.884608, 0.339906, 0.319268, 0.124994, 0.186488, -0.885351, 0.425876, -0.002831, 0.427423, -0.317192, -0.84658, -1.2e-05, 0.0, 0.0, 0.0, 1.0],
                [0.881564, 0.33854, 0.32899, 0.124994, 0.184357, -0.888475, 0.420264, -0.002831, 0.434576, -0.309837, -0.845662, -1.2e-05, 0.0, 0.0, 0.0, 1.0],
                [0.878886, 0.336883, 0.337738, 0.124994, 0.182375, -0.891508, 0.414667, -0.002831, 0.440791, -0.30285, -0.844976, -1.2e-05, 0.0, 0.0, 0.0, 1.0],
                [0.876592, 0.334982, 0.345503, 0.124994, 0.180553, -0.894438, 0.409117, -0.002831, 0.446079, -0.296246, -0.844542, -1.2e-05, 0.0, 0.0, 0.0, 1.0],
                [0.874686, 0.332884, 0.352293, 0.124994, 0.178901, -0.897252, 0.403642, -0.002831, 0.450463, -0.290033, -0.844371, -1.1e-05, 0.0, 0.0, 0.0, 1.0],
                [0.873169, 0.33064, 0.358121, 0.124994, 0.177428, -0.899938, 0.39828, -0.002831, 0.453975, -0.284224, -0.844465, -1.2e-05, 0.0, 0.0, 0.0, 1.0],
                [0.872032, 0.328297, 0.363016, 0.124994, 0.176138, -0.902485, 0.393057, -0.002831, 0.456657, -0.278817, -0.844823, -1.2e-05, 0.0, 0.0, 0.0, 1.0],
                [0.871255, 0.325902, 0.367015, 0.124994, 0.175033, -0.904881, 0.388008, -0.002831, 0.458558, -0.273814, -0.845428, -1.2e-05, 0.0, 0.0, 0.0, 1.0],
                [0.870816, 0.323505, 0.370164, 0.124994, 0.174115, -0.907117, 0.38317, -0.002831, 0.45974, -0.269219, -0.846262, -1.2e-05, 0.0, 0.0, 0.0, 1.0],
                [0.870685, 0.321148, 0.37252, 0.124994, 0.173379, -0.909186, 0.378573, -0.002831, 0.460268, -0.26503, -0.847297, -1.2e-05, 0.0, 0.0, 0.0, 1.0],
                [0.870824, 0.318871, 0.374146, 0.124994, 0.17282, -0.911081, 0.374248, -0.002831, 0.460214, -0.261243, -0.848501, -1.2e-05, 0.0, 0.0, 0.0, 1.0],
                [0.871197, 0.316707, 0.375115, 0.124994, 0.172428, -0.912801, 0.370214, -0.002831, 0.459656, -0.257848, -0.849841, -1.2e-05, 0.0, 0.0, 0.0, 1.0],
                [0.871762, 0.314687, 0.375502, 0.124994, 0.172192, -0.914342, 0.366502, -0.002831, 0.458672, -0.254844, -0.851278, -1.2e-05, 0.0, 0.0, 0.0, 1.0],
                [0.872479, 0.312831, 0.375388, 0.124994, 0.172097, -0.915708, 0.363124, -0.002831, 0.457343, -0.252214, -0.852775, -1.2e-05, 0.0, 0.0, 0.0, 1.0],
                [0.873307, 0.311154, 0.374856, 0.124994, 0.172126, -0.916901, 0.360084, -0.002831, 0.455748, -0.249941, -0.854296, -1.2e-05, 0.0, 0.0, 0.0, 1.0],
                [0.874209, 0.309668, 0.373983, 0.124994, 0.172262, -0.917927, 0.357397, -0.002831, 0.453965, -0.248016, -0.855805, -1.2e-05, 0.0, 0.0, 0.0, 1.0],
                [0.875148, 0.308372, 0.372857, 0.124994, 0.172485, -0.918796, 0.355048, -0.002831, 0.452068, -0.246406, -0.857274, -1.2e-05, 0.0, 0.0, 0.0, 1.0],
                [0.87609, 0.307267, 0.371553, 0.124994, 0.172776, -0.919516, 0.353035, -0.002831, 0.450126, -0.245094, -0.85867, -1.2e-05, 0.0, 0.0, 0.0, 1.0],
                [0.877008, 0.306346, 0.370145, 0.124994, 0.173114, -0.920101, 0.351343, -0.00283, 0.448204, -0.244053, -0.859971, -1.2e-05, 0.0, 0.0, 0.0, 1.0],
                [0.877876, 0.305595, 0.368707, 0.124994, 0.173479, -0.920564, 0.349947, -0.002831, 0.446361, -0.243247, -0.861157, -1.1e-05, 0.0, 0.0, 0.0, 1.0],
                [0.878671, 0.305004, 0.367301, 0.124994, 0.173851, -0.920917, 0.348834, -0.002831, 0.44465, -0.242654, -0.86221, -1.2e-05, 0.0, 0.0, 0.0, 1.0],
                [0.879374, 0.304553, 0.365989, 0.124994, 0.174211, -0.921178, 0.347965, -0.002831, 0.443115, -0.242232, -0.863118, -1.2e-05, 0.0, 0.0, 0.0, 1.0],
                [0.879972, 0.304224, 0.364825, 0.124994, 0.174541, -0.921359, 0.347316, -0.002831, 0.441797, -0.241951, -0.863872, -1.2e-05, 0.0, 0.0, 0.0, 1.0],
                [0.88045, 0.303999, 0.363856, 0.124994, 0.174823, -0.921477, 0.34686, -0.002831, 0.440731, -0.241781, -0.864464, -1.2e-05, 0.0, 0.0, 0.0, 1.0],
                [0.8808, 0.303863, 0.363122, 0.124994, 0.175043, -0.921545, 0.34657, -0.002831, 0.439944, -0.241696, -0.864888, -1.2e-05, 0.0, 0.0, 0.0, 1.0],
                [0.881014, 0.303796, 0.36266, 0.124994, 0.175185, -0.921575, 0.346418, -0.002831, 0.43946, -0.241666, -0.865143, -1.2e-05, 0.0, 0.0, 0.0, 1.0],
                [0.881086, 0.303775, 0.362501, 0.124994, 0.175235, -0.921584, 0.346368, -0.002831, 0.439295, -0.241657, -0.865229, -1.2e-05, 0.0, 0.0, 0.0, 1.0]
            ]
        },
        {
            "name": "Leg_R",
            "time": [0.0, 0.0167, 0.0333, 0.05, 0.0667, 0.0833, 0.1, 0.1167, 0.1333, 0.15, 0.1667, 0.1833, 0.2, 0.2167, 0.2333, 0.25, 0.2667, 0.2833, 0.3, 0.3167, 0.3333, 0.35, 0.3667, 0.3833, 0.4, 0.4167, 0.4333, 0.45, 0.4667, 0.4833, 0.5, 0.5167, 0.5333, 0.55, 0.5667, 0.5833, 0.6, 0.6167, 0.6333, 0.65, 0.6667, 0.6833, 0.7, 0.7167, 0.7333, 0.75, 0.7667, 0.7833, 0.8, 0.8167, 0.8333, 0.85, 0.8667, 0.8833, 0.9, 0.9167, 0.9333, 0.95, 0.9667, 0.9833, 1.0, 1.0167, 1.0333, 1.05, 1.0667, 1.0833, 1.1, 1.1167, 1.1333, 1.15, 1.1667, 1.1833, 1.2, 1.2167, 1.2333, 1.25, 1.2667, 1.2833, 1.3, 1.3167, 1.3333, 1.35, 1.3667, 1.3833, 1.4, 1.4167, 1.4333, 1.45, 1.4667, 1.4833, 1.5, 1.5167, 1.5333, 1.55],
            "transform": [
                [1.0, 0.0, 1e-06, -0.0, -0.0, 0.958775, 0.28417, 0.37472, -1e-06, -0.284171, 0.958773, 0.0, 0.0, 0.0, 0.0, 1.0],
                [1.0, -0.0, 1e-06, -0.0, -0.0, 0.944943, 0.327236, 0.37472, -1e-06, -0.327236, 0.944942, 0.0, 0.0, 0.0, 0.0, 1.0],
                [1.0, -0.0, 1e-06, 0.0, -0.0, 0.902592, 0.430498, 0.37472, -1e-06, -0.430498, 0.902591, 0.0, 0.0, 0.0, 0.0, 1.0],
                [1.0, -0.0, 1e-06, -0.0, -0.0, 0.851175, 0.524883, 0.37472, -1e-06, -0.524884, 0.851174, -0.0, 0.0, 0.0, 0.0, 1.0],
                [1.0, -0.0, 1e-06, 0.0, -0.0, 0.786153, 0.618033, 0.37472, -1e-06, -0.618033, 0.786153, 0.0, 0.0, 0.0, 0.0, 1.0],
                [1.0, -0.0, 1e-06, -0.0, -0.0, 0.718536, 0.69549, 0.37472, -1e-06, -0.695491, 0.718536, 0.0, 0.0, 0.0, 0.0, 1.0],
                [1.0, -0.0, 1e-06, -0.0, -0.0, 0.726981, 0.686658, 0.37472, -1e-06, -0.686659, 0.726981, -0.0, 0.0, 0.0, 0.0, 1.0],
                [1.0, -0.0, 1e-06, 0.0, -0.0, 0.659433, 0.751764, 0.37472, -1e-06, -0.751765, 0.659433, -0.0, 0.0, 0.0, 0.0, 1.0],
                [1.0, -1e-06, 0.0, 0.0, -0.0, 0.510875, 0.859657, 0.37472, -1e-06, -0.859656, 0.510875, -0.0, 0.0, 0.0, 0.0, 1.0],
                [1.0, -1e-06, 1e-06, 0.0, -0.0, 0.497956, 0.867203, 0.37472, -1e-06, -0.867202, 0.497957, -0.0, 0.0, 0.0, 0.0, 1.0],
                [1.0, -0.0, 1e-06, 0.0, -0.0, 0.544744, 0.838604, 0.37472, -1e-06, -0.838603, 0.544744, 0.0, 0.0, 0.0, 0.0, 1.0],
                [1.0, -0.0, 1e-06, 0.0, -0.0, 0.671238, 0.741243, 0.37472, -1e-06, -0.741243, 0.671238, 0.0, 0.0, 0.0, 0.0, 1.0],
                [1.0, -0.0, 1e-06, -0.0, -0.0, 0.793014, 0.609206, 0.37472, -1e-06, -0.609206, 0.793013, 0.0, 0.0, 0.0, 0.0, 1.0],
                [1.0, -0.0, 1e-06, -0.0, -0.0, 0.802832, 0.596207, 0.37472, -1e-06, -0.596208, 0.802832, -0.0, 0.0, 0.0, 0.0, 1.0],
                [1.0, -0.0, 1e-06, 0.0, -0.0, 0.703065, 0.711127, 0.37472, -1e-06, -0.711127, 0.703065, 0.0, 0.0, 0.0, 0.0, 1.0],
                [1.0, -0.0, 1e-06, -0.0, -0.0, 0.603685, 0.797225, 0.37472, -1e-06, -0.797224, 0.603686, 0.0, 0.0, 0.0, 0.0, 1.0],
                [1.0, -0.0, 1e-06, 0.0, -0.0, 0.511571, 0.859243, 0.37472, -1e-06, -0.859241, 0.511572, -0.0, 0.0, 0.0, 0.0, 1.0],
                [1.0, -0.0, 1e-06, 0.0, -0.0, 0.416268, 0.909244, 0.37472, -1e-06, -0.909242, 0.416269, 0.0, 0.0, 0.0, 0.0, 1.0],
                [1.0, -1e-06, 1e-06, -0.0, -0.0, 0.332786, 0.943006, 0.37472, -1e-06, -0.943001, 0.332788, 0.0, 0.0, 0.0, 0.0, 1.0],
                [1.0, -1e-06, 0.0, -0.0, -0.0, 0.272056, 0.962286, 0.37472, -1e-06, -0.962279, 0.272058, -0.0, 0.0, 0.0, 0.0, 1.0],
                [1.0, -1e-06, 0.0, 0.0, -0.0, 0.235363, 0.971911, 0.37472, -1e-06, -0.971906, 0.235364, 0.0, 0.0, 0.0, 0.0, 1.0],
                [1.0, -1e-06, 0.0, 0.0, -0.0, 0.212106, 0.97725, 0.37472, -1e-06, -0.977245, 0.212107, 0.0, 0.0, 0.0, 0.0, 1.0],
                [1.0, -1e-06, 0.0, -0.0, -0.0, 0.193108, 0.981179, 0.37472, -1e-06, -0.981177, 0.193109, -0.0, 0.0, 0.0, 0.0, 1.0],
                [1.0, -1e-06, 0.0, 0.0, -0.0, 0.178713, 0.983903, 0.37472, -1e-06, -0.983901, 0.178713, 0.0, 0.0, 0.0, 0.0, 1.0],
                [1.0, -1e-06, 0.0, 0.0, -0.0, 0.16828, 0.985741, 0.37472, -1e-06, -0.985739, 0.16828, 0.0, 0.0, 0.0, 0.0, 1.0],
                [1.0, -1e-06, 0.0, -0.0, -0.0, 0.161169, 0.986928, 0.37472, -1e-06, -0.986926, 0.16117, -0.0, 0.0, 0.0, 0.0, 1.0],
                [1.0, -1e-06, 0.0, -0.0, -0.0, 0.15615, 0.987734, 0.37472, -1e-06, -0.987733, 0.15615, 0.0, 0.0, 0.0, 0.0, 1.0],
                [1.0, -1e-06, 0.0, -0.0, -0.0, 0.15204, 0.988375, 0.37472, -1e-06, -0.988374, 0.15204, 0.0, 0.0, 0.0, 0.0, 1.0],
                [1.0, -1e-06, 0.0, 0.0, -0.0, 0.14914, 0.988817, 0.37472, -1e-06, -0.988815, 0.149141, 0.0, 0.0, 0.0, 0.0, 1.0],
                [1.0, -1e-06, 0.0, -0.0, -0.0, 0.14832, 0.98894, 0.37472, -1e-06, -0.98894, 0.14832, -0.0, 0.0, 0.0, 0.0, 1.0],
                [1.0, -1e-06, 0.0, 0.0, -0.0, 0.149611, 0.988746, 0.37472, -1e-06, -0.988744, 0.149611, -0.0, 0.0, 0.0, 0.0, 1.0],
                [1.0, -1e-06, 0.0, 0.0, -0.0, 0.153038, 0.988221, 0.37472, -1e-06, -0.988219, 0.153039, 0.0, 0.0, 0.0, 0.0, 1.0],
                [1.0, -1e-06, 0.0, 0.0, -0.0, 0.15863, 0.987339, 0.37472, -1e-06, -0.987337, 0.158631, 0.0, 0.0, 0.0, 0.0, 1.0],
                [1.0, -1e-06, 0.0, 0.0, -0.0, 0.166401, 0.986059, 0.37472, -1e-06, -0.986057, 0.166401, 0.0, 0.0, 0.0, 0.0, 1.0],
                [1.0, -1e-06, 0.0, 0.0, -0.0, 0.176355, 0.984328, 0.37472, -1e-06, -0.984326, 0.176355, 0.0, 0.0, 0.0, 0.0, 1.0],
                [1.0, -1e-06, 0.0, -0.0, -0.0, 0.18848, 0.982078, 0.37472, -1e-06, -0.982076, 0.18848, 0.0, 0.0, 0.0, 0.0, 1.0],
                [1.0, -1e-06, 0.0, 0.0, -0.0, 0.202754, 0.979231, 0.37472, -1e-06, -0.979229, 0.202754, 0.0, 0.0, 0.0, 0.0, 1.0],
                [1.0, -1e-06, 0.0, -0.0, -0.0, 0.219121, 0.975699, 0.37472, -1e-06, -0.975697, 0.219121, -0.0, 0.0, 0.0, 0.0, 1.0],
                [1.0, -1e-06, 0.0, 0.0, -0.0, 0.237508, 0.971386, 0.37472, -1e-06, -0.971385, 0.237508, -0.0, 0.0, 0.0, 0.0, 1.0],
                [1.0, -1e-06, 0.0, -0.0, -0.0, 0.257816, 0.966195, 0.37472, -1e-06, -0.966193, 0.257816, -0.0, 0.0, 0.0, 0.0, 1.0],
                [1.0, -1e-06, 0.0, 0.0, -0.0, 0.279908, 0.960028, 0.37472, -1e-06, -0.960026, 0.279908, 0.0, 0.0, 0.0, 0.0, 1.0],
                [1.0, -1e-06, 0.0, -0.0, -0.0, 0.303623, 0.952793, 0.37472, -1e-06, -0.952792, 0.303623, -0.0, 0.0, 0.0, 0.0, 1.0],
                [1.0, -1e-06, 0.0, -0.0, -0.0, 0.328773, 0.94441, 0.37472, -1e-06, -0.944408, 0.328773, 0.0, 0.0, 0.0, 0.0, 1.0],
                [1.0, -1e-06, 0.0, -0.0, -0.0, 0.355141, 0.934814, 0.37472, -1e-06, -0.934812, 0.355142, 0.0, 0.0, 0.0, 0.0, 1.0],
                [1.0, -1e-06, 0.0, -0.0, -0.0, 0.382498, 0.923957, 0.37472, -1e-06, -0.923955, 0.382498, 0.0, 0.0, 0.0, 0.0, 1.0],
                [1.0, -1e-06, 1e-06, -0.0, -0.0, 0.410574, 0.911828, 0.37472, -1e-06, -0.911827, 0.410574, -0.0, 0.0, 0.0, 0.0, 1.0],
                [1.0, -1e-06, 0.0, 0.0, -0.0, 0.439098, 0.89844, 0.37472, -1e-06, -0.898438, 0.439099, -0.0, 0.0, 0.0, 0.0, 1.0],
                [1.0, -1e-06, 1e-06, 0.0, -0.0, 0.467795, 0.883838, 0.37472, -1e-06, -0.883837, 0.467795, 0.0, 0.0, 0.0, 0.0, 1.0],
                [1.0, -1e-06, 1e-06, 0.0, -0.0, 0.496394, 0.868098, 0.37472, -1e-06, -0.868097, 0.496394, 0.0, 0.0, 0.0, 0.0, 1.0],
                [1.0, -1e-06, 1e-06, 0.0, -0.0, 0.524628, 0.851332, 0.37472, -1e-06, -0.851332, 0.524628, 0.0, 0.0, 0.0, 0.0, 1.0],
                [1.0, -0.0, 1e-06, -0.0, -0.0, 0.552249, 0.833679, 0.37472, -1e-06, -0.833679, 0.55225, -0.0, 0.0, 0.0, 0.0, 1.0],
                [1.0, -0.0, 1e-06, -0.0, -0.0, 0.579034, 0.815304, 0.37472, -1e-06, -0.815303, 0.579035, 0.0, 0.0, 0.0, 0.0, 1.0],
                [1.0, -0.0, 1e-06, 0.0, -0.0, 0.604769, 0.796402, 0.37472, -1e-06, -0.796401, 0.604769, 0.0, 0.0, 0.0, 0.0, 1.0],
                [1.0, -0.0, 1e-06, -0.0, -0.0, 0.629272, 0.777185, 0.37472, -1e-06, -0.777185, 0.629272, -0.0, 0.0, 0.0, 0.0, 1.0],
                [1.0, -0.0, 1e-06, -0.0, -0.0, 0.652387, 0.757886, 0.37472, -1e-06, -0.757887, 0.652387, 0.0, 0.0, 0.0, 0.0, 1.0],
                [1.0, -0.0, 1e-06, 0.0, -0.0, 0.673982, 0.738748, 0.37472, -1e-06, -0.738748, 0.673983, -0.0, 0.0, 0.0, 0.0, 1.0],
