{
    "animation": [
        {
            "name": "Root",
            "time": [0.0, 0.0167, 0.0333, 0.05, 0.0667, 0.0833, 0.1, 0.1167, 0.1333, 0.15, 0.1667, 0.1833, 0.2, 0.2167, 0.2333, 0.25, 0.2667, 0.2833, 0.3, 0.3167, 0.3333, 0.35, 0.3667, 0.3833, 0.4, 0.4167, 0.4333, 0.45, 0.4667, 0.4833, 0.5, 0.5167, 0.5333, 0.55, 0.5667, 0.5833, 0.6, 0.6167, 0.6333, 0.65, 0.6667, 0.6833, 0.7, 0.7167, 0.7333, 0.75, 0.7667, 0.7833, 0.8, 0.8167, 0.8333, 0.85, 0.8667, 0.8833, 0.9, 0.9167, 0.9333, 0.95, 0.9667, 0.9833, 1.0, 1.0167, 1.0333, 1.05, 1.0667, 1.0833, 1.1, 1.1167, 1.1333, 1.15, 1.1667, 1.1833, 1.2, 1.2167, 1.2333, 1.25, 1.2667, 1.2833, 1.3, 1.3167, 1.3333, 1.35, 1.3667, 1.3833, 1.4, 1.4167, 1.4333, 1.45, 1.4667, 1.4833, 1.5, 1.5167, 1.5333, 1.55, 1.5667, 1.5833, 1.6, 1.6167, 1.6333, 1.65, 1.6667],
            "transform": [
                [0.962859, -0.011225, 0.26977, -0.058326, 0.26993, 0.016608, -0.962737, 0.162996, 0.006327, 0.999799, 0.019021, 0.731243, 0.0, 0.0, 0.0, 1.0],
                [0.928794, -0.009535, 0.370473, -0.055054, 0.370584, 0.015889, -0.928663, 0.13588, 0.002968, 0.999828, 0.018291, 0.701641, 0.0, 0.0, 0.0, 1.0],
                [0.787546, -0.00474, 0.616238, -0.046493, 0.616232, 0.014883, -0.787424, 0.064952, -0.00544, 0.999878, 0.014642, 0.624209, 0.0, 0.0, 0.0, 1.0],
                [0.582993, 0.000145, 0.812477, -0.037933, 0.812381, 0.015263, -0.582927, -0.005976, -0.012486, 0.999884, 0.00878, 0.546777, 0.0, 0.0, 0.0, 1.0],
                [0.493448, 0.001915, 0.869773, -0.03466, 0.869652, 0.015758, -0.493414, -0.033092, -0.014651, 0.999874, 0.006111, 0.517175, 0.0, 0.0, 0.0, 1.0],
                [0.522488, 0.001915, 0.852644, -0.03466, 0.852524, 0.015758, -0.52245, -0.033092, -0.014437, 0.999874, 0.006601, 0.517175, 0.0, 0.0, 0.0, 1.0],
                [0.58263, 0.001915, 0.812735, -0.03466, 0.812618, 0.015758, -0.582583, -0.033092, -0.013923, 0.999874, 0.007625, 0.517175, 0.0, 0.0, 0.0, 1.0],
                [0.609696, 0.001915, 0.792633, -0.03466, 0.792518, 0.015758, -0.609645, -0.033092, -0.013658, 0.999874, 0.00809, 0.517175, 0.0, 0.0, 0.0, 1.0],
                [0.599818, 0.001915, 0.800134, -0.03466, 0.800018, 0.015758, -0.599769, -0.033092, -0.013757, 0.999874, 0.00792, 0.517175, 0.0, 0.0, 0.0, 1.0],
                [0.571486, 0.001915, 0.82061, -0.03466, 0.820492, 0.015758, -0.571441, -0.033092, -0.014026, 0.999874, 0.007435, 0.517175, 0.0, 0.0, 0.0, 1.0],
                [0.534074, 0.001915, 0.845436, -0.03466, 0.845316, 0.015758, -0.534034, -0.033092, -0.014345, 0.999874, 0.006798, 0.517175, 0.0, 0.0, 0.0, 1.0],
                [0.504199, 0.001915, 0.863585, -0.03466, 0.863465, 0.015758, -0.504163, -0.033092, -0.014574, 0.999874, 0.006292, 0.517175, 0.0, 0.0, 0.0, 1.0],
                [0.493448, 0.001915, 0.869773, -0.03466, 0.869652, 0.015758, -0.493414, -0.033092, -0.014651, 0.999874, 0.006111, 0.517175, 0.0, 0.0, 0.0, 1.0],
                [0.522488, 0.001915, 0.852644, -0.03466, 0.852524, 0.015758, -0.52245, -0.033092, -0.014437, 0.999874, 0.006601, 0.517175, 0.0, 0.0, 0.0, 1.0],
                [0.58263, 0.001915, 0.812735, -0.03466, 0.812618, 0.015758, -0.582583, -0.033092, -0.013923, 0.999874, 0.007625, 0.517175, 0.0, 0.0, 0.0, 1.0],
                [0.609696, 0.001915, 0.792633, -0.03466, 0.792518, 0.015758, -0.609645, -0.033092, -0.013658, 0.999874, 0.00809, 0.517175, 0.0, 0.0, 0.0, 1.0],
                [0.594287, 0.001915, 0.804251, -0.03466, 0.804135, 0.015758, -0.594238, -0.033092, -0.013811, 0.999874, 0.007825, 0.517175, 0.0, 0.0, 0.0, 1.0],
                [0.552919, 0.001915, 0.833233, -0.03466, 0.833114, 0.015758, -0.552877, -0.033092, -0.014189, 0.999874, 0.007118, 0.517175, 0.0, 0.0, 0.0, 1.0],
                [0.510141, 0.001915, 0.860089, -0.03466, 0.859968, 0.015758, -0.510104, -0.033092, -0.01453, 0.999874, 0.006392, 0.517175, 0.0, 0.0, 0.0, 1.0],
                [0.493448, 0.001915, 0.869773, -0.03466, 0.869652, 0.015758, -0.493414, -0.033092, -0.014651, 0.999874, 0.006111, 0.517175, 0.0, 0.0, 0.0, 1.0],
                [0.552919, 0.001915, 0.833233, -0.03466, 0.833114, 0.015758, -0.552877, -0.033092, -0.014189, 0.999874, 0.007118, 0.517175, 0.0, 0.0, 0.0, 1.0],
                [0.609696, 0.001915, 0.792633, -0.03466, 0.792518, 0.015758, -0.609645, -0.033092, -0.013658, 0.999874, 0.00809, 0.517175, 0.0, 0.0, 0.0, 1.0],
                [0.602842, 0.001915, 0.797859, -0.03466, 0.797743, 0.015758, -0.602792, -0.033092, -0.013727, 0.999874, 0.007972, 0.517175, 0.0, 0.0, 0.0, 1.0],
                [0.58263, 0.001915, 0.812735, -0.03466, 0.812618, 0.015758, -0.582583, -0.033092, -0.013923, 0.999874, 0.007625, 0.517175, 0.0, 0.0, 0.0, 1.0],
                [0.552919, 0.001915, 0.833233, -0.03466, 0.833114, 0.015758, -0.552877, -0.033092, -0.014189, 0.999874, 0.007118, 0.517175, 0.0, 0.0, 0.0, 1.0],
                [0.522488, 0.001915, 0.852644, -0.03466, 0.852524, 0.015758, -0.52245, -0.033092, -0.014437, 0.999874, 0.006601, 0.517175, 0.0, 0.0, 0.0, 1.0],
                [0.500927, 0.001915, 0.865488, -0.03466, 0.865367, 0.015758, -0.500892, -0.033092, -0.014598, 0.999874, 0.006237, 0.517175, 0.0, 0.0, 0.0, 1.0],
                [0.493448, 0.001915, 0.869773, -0.03466, 0.869652, 0.015758, -0.493414, -0.033092, -0.014651, 0.999874, 0.006111, 0.517175, 0.0, 0.0, 0.0, 1.0],
                [0.493448, 0.001915, 0.869773, -0.03466, 0.869652, 0.015758, -0.493414, -0.033092, -0.014651, 0.999874, 0.006111, 0.517176, 0.0, 0.0, 0.0, 1.0],
                [0.493448, 0.001915, 0.869773, -0.03466, 0.869652, 0.015758, -0.493414, -0.033092, -0.014651, 0.999874, 0.006111, 0.517183, 0.0, 0.0, 0.0, 1.0],
                [0.493448, 0.001915, 0.869773, -0.03466, 0.869652, 0.015758, -0.493414, -0.033092, -0.014651, 0.999874, 0.006111, 0.517203, 0.0, 0.0, 0.0, 1.0],
                [0.493448, 0.001915, 0.869773, -0.03466, 0.869652, 0.015758, -0.493414, -0.033092, -0.014651, 0.999874, 0.006111, 0.517245, 0.0, 0.0, 0.0, 1.0],
                [0.493448, 0.001915, 0.869773, -0.03466, 0.869652, 0.015758, -0.493414, -0.033092, -0.014651, 0.999874, 0.006111, 0.517319, 0.0, 0.0, 0.0, 1.0],
                [0.493448, 0.001915, 0.869773, -0.03466, 0.869652, 0.015758, -0.493414, -0.033092, -0.014651, 0.999874, 0.006111, 0.517438, 0.0, 0.0, 0.0, 1.0],
                [0.493448, 0.001915, 0.869773, -0.03466, 0.869652, 0.015758, -0.493414, -0.033092, -0.014651, 0.999874, 0.006111, 0.517613, 0.0, 0.0, 0.0, 1.0],
                [0.493448, 0.001915, 0.869773, -0.03466, 0.869652, 0.015758, -0.493414, -0.033092, -0.014651, 0.999874, 0.006111, 0.517856, 0.0, 0.0, 0.0, 1.0],
                [0.493448, 0.001915, 0.869773, -0.03466, 0.869652, 0.015758, -0.493414, -0.033092, -0.014651, 0.999874, 0.006111, 0.518177, 0.0, 0.0, 0.0, 1.0],
                [0.493448, 0.001915, 0.869773, -0.03466, 0.869652, 0.015758, -0.493414, -0.033092, -0.014651, 0.999874, 0.006111, 0.518584, 0.0, 0.0, 0.0, 1.0],
                [0.493448, 0.001915, 0.869773, -0.03466, 0.869652, 0.015758, -0.493414, -0.033092, -0.014651, 0.999874, 0.006111, 0.51908, 0.0, 0.0, 0.0, 1.0],
                [0.493448, 0.001915, 0.869773, -0.03466, 0.869652, 0.015758, -0.493414, -0.033092, -0.014651, 0.999874, 0.006111, 0.519668, 0.0, 0.0, 0.0, 1.0],
                [0.493448, 0.001915, 0.869773, -0.03466, 0.869652, 0.015758, -0.493414, -0.033092, -0.014651, 0.999874, 0.006111, 0.520344, 0.0, 0.0, 0.0, 1.0],
                [0.493448, 0.001915, 0.869773, -0.03466, 0.869652, 0.015758, -0.493414, -0.033092, -0.014651, 0.999874, 0.006111, 0.521104, 0.0, 0.0, 0.0, 1.0],
                [0.493448, 0.001915, 0.869773, -0.03466, 0.869652, 0.015758, -0.493414, -0.033092, -0.014651, 0.999874, 0.006111, 0.521942, 0.0, 0.0, 0.0, 1.0],
                [0.493448, 0.001915, 0.869773, -0.03466, 0.869652, 0.015758, -0.493414, -0.033092, -0.014651, 0.999874, 0.006111, 0.522851, 0.0, 0.0, 0.0, 1.0],
                [0.493448, 0.001915, 0.869773, -0.03466, 0.869652, 0.015758, -0.493414, -0.033092, -0.014651, 0.999874, 0.006111, 0.523823, 0.0, 0.0, 0.0, 1.0],
                [0.494314, 0.001898, 0.869281, -0.034691, 0.86916, 0.015753, -0.49428, -0.032836, -0.014632, 0.999874, 0.006137, 0.525063, 0.0, 0.0, 0.0, 1.0],
                [0.496921, 0.001849, 0.867794, -0.034784, 0.867673, 0.015736, -0.496886, -0.032063, -0.014575, 0.999874, 0.006215, 0.526781, 0.0, 0.0, 0.0, 1.0],
                [0.501279, 0.001767, 0.865284, -0.03494, 0.865165, 0.015709, -0.501242, -0.030771, -0.014478, 0.999875, 0.006346, 0.528982, 0.0, 0.0, 0.0, 1.0],
                [0.507385, 0.00165, 0.861718, -0.035159, 0.8616, 0.015671, -0.507346, -0.028955, -0.014342, 0.999876, 0.006529, 0.531667, 0.0, 0.0, 0.0, 1.0],
                [0.515225, 0.0015, 0.857054, -0.035441, 0.856938, 0.015624, -0.515183, -0.026616, -0.014163, 0.999877, 0.006764, 0.534833, 0.0, 0.0, 0.0, 1.0],
                [0.524771, 0.001315, 0.851243, -0.035787, 0.851129, 0.015568, -0.524725, -0.023756, -0.013942, 0.999878, 0.00705, 0.538479, 0.0, 0.0, 0.0, 1.0],
                [0.535978, 0.001096, 0.844231, -0.036194, 0.844121, 0.015504, -0.535928, -0.020381, -0.013676, 0.999879, 0.007385, 0.542597, 0.0, 0.0, 0.0, 1.0],
                [0.548784, 0.000842, 0.835964, -0.036663, 0.835857, 0.015434, -0.54873, -0.016498, -0.013364, 0.999881, 0.007766, 0.547178, 0.0, 0.0, 0.0, 1.0],
                [0.56311, 0.000553, 0.826382, -0.037191, 0.82628, 0.015359, -0.56305, -0.01212, -0.013004, 0.999882, 0.008192, 0.55221, 0.0, 0.0, 0.0, 1.0],
                [0.578851, 0.000231, 0.815434, -0.037777, 0.815336, 0.015282, -0.578786, -0.007263, -0.012596, 0.999883, 0.008658, 0.557675, 0.0, 0.0, 0.0, 1.0],
                [0.595885, -0.000124, 0.80307, -0.038419, 0.802978, 0.015205, -0.595815, -0.001946, -0.012137, 0.999884, 0.00916, 0.563552, 0.0, 0.0, 0.0, 1.0],
                [0.614067, -0.000512, 0.789254, -0.039113, 0.789168, 0.01513, -0.613991, 0.003805, -0.011627, 0.999885, 0.009694, 0.569818, 0.0, 0.0, 0.0, 1.0],
                [0.633231, -0.00093, 0.773962, -0.039856, 0.773884, 0.015058, -0.633149, 0.009961, -0.011066, 0.999886, 0.010255, 0.576443, 0.0, 0.0, 0.0, 1.0],
                [0.65319, -0.001376, 0.757192, -0.040644, 0.757122, 0.014994, -0.653102, 0.016489, -0.010455, 0.999887, 0.010835, 0.583393, 0.0, 0.0, 0.0, 1.0],
                [0.673743, -0.001847, 0.738963, -0.041472, 0.738901, 0.014939, -0.673649, 0.02335, -0.009795, 0.999887, 0.01143, 0.590631, 0.0, 0.0, 0.0, 1.0],
                [0.694673, -0.002341, 0.719322, -0.042335, 0.719269, 0.014895, -0.694572, 0.030502, -0.009088, 0.999886, 0.012031, 0.598115, 0.0, 0.0, 0.0, 1.0],
                [0.715756, -0.002855, 0.698345, -0.043228, 0.698301, 0.014864, -0.71565, 0.037897, -0.008338, 0.999885, 0.012633, 0.605799, 0.0, 0.0, 0.0, 1.0],
                [0.736766, -0.003383, 0.676139, -0.044144, 0.676106, 0.014849, -0.736655, 0.045486, -0.007548, 0.999884, 0.013227, 0.613634, 0.0, 0.0, 0.0, 1.0],
                [0.757482, -0.003921, 0.652845, -0.045077, 0.652822, 0.01485, -0.757366, 0.053216, -0.006725, 0.999882, 0.013808, 0.62157, 0.0, 0.0, 0.0, 1.0],
                [0.777692, -0.004466, 0.62863, -0.04602, 0.628619, 0.014868, -0.777572, 0.061031, -0.005873, 0.999879, 0.01437, 0.629553, 0.0, 0.0, 0.0, 1.0],
                [0.797202, -0.005013, 0.603692, -0.046966, 0.603692, 0.014903, -0.797078, 0.068874, -0.005001, 0.999876, 0.014907, 0.637529, 0.0, 0.0, 0.0, 1.0],
                [0.815841, -0.005555, 0.578249, -0.04791, 0.578261, 0.014955, -0.815715, 0.076689, -0.004116, 0.999873, 0.015413, 0.645444, 0.0, 0.0, 0.0, 1.0],
                [0.833467, -0.00609, 0.552536, -0.048842, 0.552561, 0.015024, -0.833337, 0.084418, -0.003227, 0.999869, 0.015887, 0.653243, 0.0, 0.0, 0.0, 1.0],
                [0.849964, -0.006611, 0.526799, -0.049758, 0.526836, 0.015107, -0.849833, 0.092007, -0.00234, 0.999864, 0.016324, 0.660875, 0.0, 0.0, 0.0, 1.0],
                [0.865251, -0.007116, 0.501288, -0.050651, 0.501337, 0.015203, -0.865119, 0.099403, -0.001465, 0.999859, 0.016722, 0.66829, 0.0, 0.0, 0.0, 1.0],
                [0.879279, -0.007601, 0.476247, -0.051514, 0.476307, 0.015311, -0.879146, 0.106555, -0.00061, 0.999854, 0.017083, 0.67544, 0.0, 0.0, 0.0, 1.0],
                [0.892026, -0.008061, 0.451911, -0.052342, 0.451983, 0.015426, -0.891893, 0.113416, 0.000218, 0.999848, 0.017404, 0.682282, 0.0, 0.0, 0.0, 1.0],
                [0.903501, -0.008495, 0.428503, -0.05313, 0.428586, 0.015547, -0.903367, 0.119944, 0.001012, 0.999843, 0.017688, 0.688777, 0.0, 0.0, 0.0, 1.0],
                [0.913731, -0.0089, 0.406222, -0.053873, 0.406316, 0.015672, -0.913598, 0.1261, 0.001765, 0.999838, 0.017936, 0.694889, 0.0, 0.0, 0.0, 1.0],
                [0.922766, -0.009275, 0.385249, -0.054567, 0.385353, 0.015797, -0.922634, 0.131851, 0.002472, 0.999832, 0.018151, 0.700587, 0.0, 0.0, 0.0, 1.0],
                [0.930667, -0.009617, 0.36574, -0.055209, 0.365853, 0.015919, -0.930536, 0.137167, 0.003127, 0.999827, 0.018334, 0.705844, 0.0, 0.0, 0.0, 1.0],
                [0.937506, -0.009927, 0.347827, -0.055795, 0.347948, 0.016037, -0.937377, 0.142025, 0.003727, 0.999822, 0.018489, 0.71064, 0.0, 0.0, 0.0, 1.0],
                [0.943359, -0.010203, 0.331617, -0.056323, 0.331746, 0.016148, -0.94323, 0.146403, 0.004269, 0.999818, 0.018618, 0.714955, 0.0, 0.0, 0.0, 1.0],
                [0.948302, -0.010446, 0.317197, -0.056792, 0.317333, 0.01625, -0.948175, 0.150286, 0.00475, 0.999813, 0.018725, 0.718777, 0.0, 0.0, 0.0, 1.0],
                [0.952411, -0.010656, 0.304632, -0.0572, 0.304774, 0.016341, -0.952284, 0.153661, 0.005169, 0.99981, 0.018811, 0.722094, 0.0, 0.0, 0.0, 1.0],
                [0.955754, -0.010832, 0.293968, -0.057545, 0.294116, 0.016421, -0.955629, 0.156521, 0.005524, 0.999807, 0.01888, 0.724902, 0.0, 0.0, 0.0, 1.0],
                [0.958395, -0.010975, 0.285236, -0.057827, 0.285388, 0.016487, -0.95827, 0.15886, 0.005814, 0.999804, 0.018933, 0.727195, 0.0, 0.0, 0.0, 1.0],
                [0.960387, -0.011085, 0.278451, -0.058046, 0.278606, 0.01654, -0.960263, 0.160675, 0.006039, 0.999802, 0.018973, 0.728973, 0.0, 0.0, 0.0, 1.0],
                [0.961774, -0.011163, 0.273617, -0.058202, 0.273775, 0.016577, -0.961651, 0.161968, 0.006199, 0.9998, 0.019, 0.730238, 0.0, 0.0, 0.0, 1.0],
                [0.96259, -0.01121, 0.270729, -0.058295, 0.270887, 0.0166, -0.962468, 0.16274, 0.006295, 0.999799, 0.019016, 0.730993, 0.0, 0.0, 0.0, 1.0],
                [0.962859, -0.011225, 0.26977, -0.058326, 0.26993, 0.016608, -0.962737, 0.162996, 0.006327, 0.999799, 0.019021, 0.731243, 0.0, 0.0, 0.0, 1.0],
                [0.962859, -0.011225, 0.26977, -0.058326, 0.26993, 0.016608, -0.962737, 0.162996, 0.006327, 0.999799, 0.019021, 0.731243, 0.0, 0.0, 0.0, 1.0],
                [0.962859, -0.011225, 0.26977, -0.058326, 0.26993, 0.016608, -0.962737, 0.162996, 0.006327, 0.999799, 0.019021, 0.731243, 0.0, 0.0, 0.0, 1.0],
                [0.962859, -0.011225, 0.26977, -0.058326, 0.26993, 0.016608, -0.962737, 0.162996, 0.006327, 0.999799, 0.019021, 0.731243, 0.0, 0.0, 0.0, 1.0],
                [0.962859, -0.011225, 0.26977, -0.058326, 0.26993, 0.016608, -0.962737, 0.162996, 0.006327, 0.999799, 0.019021, 0.731243, 0.0, 0.0, 0.0, 1.0],
                [0.962859, -0.011225, 0.26977, -0.058326, 0.26993, 0.016608, -0.962737, 0.162996, 0.006327, 0.999799, 0.019021, 0.731243, 0.0, 0.0, 0.0, 1.0],
                [0.962859, -0.011225, 0.26977, -0.058326, 0.26993, 0.016608, -0.962737, 0.162996, 0.006327, 0.999799, 0.019021, 0.731243, 0.0, 0.0, 0.0, 1.0],
                [0.962859, -0.011225, 0.26977, -0.058326, 0.26993, 0.016608, -0.962737, 0.162996, 0.006327, 0.999799, 0.019021, 0.731243, 0.0, 0.0, 0.0, 1.0],
                [0.962859, -0.011225, 0.26977, -0.058326, 0.26993, 0.016608, -0.962737, 0.162996, 0.006327, 0.999799, 0.019021, 0.731243, 0.0, 0.0, 0.0, 1.0],
                [0.962859, -0.011225, 0.26977, -0.058326, 0.26993, 0.016608, -0.962737, 0.162996, 0.006327, 0.999799, 0.019021, 0.731243, 0.0, 0.0, 0.0, 1.0],
                [0.962859, -0.011225, 0.26977, -0.058326, 0.26993, 0.016608, -0.962737, 0.162996, 0.006327, 0.999799, 0.019021, 0.731243, 0.0, 0.0, 0.0, 1.0],
                [0.962859, -0.011225, 0.26977, -0.058326, 0.26993, 0.016608, -0.962737, 0.162996, 0.006327, 0.999799, 0.019021, 0.731243, 0.0, 0.0, 0.0, 1.0],
                [0.962859, -0.011225, 0.26977, -0.058326, 0.26993, 0.016608, -0.962737, 0.162996, 0.006327, 0.999799, 0.019021, 0.731243, 0.0, 0.0, 0.0, 1.0],
                [0.962859, -0.011225, 0.26977, -0.058326, 0.26993, 0.016608, -0.962737, 0.162996, 0.006327, 0.999799, 0.019021, 0.731243, 0.0, 0.0, 0.0, 1.0],
                [0.962859, -0.011225, 0.26977, -0.058326, 0.26993, 0.016608, -0.962737, 0.162996, 0.006327, 0.999799, 0.019021, 0.731243, 0.0, 0.0, 0.0, 1.0],
                [0.962859, -0.011225, 0.26977, -0.058326, 0.26993, 0.016608, -0.962737, 0.162996, 0.006327, 0.999799, 0.019021, 0.731243, 0.0, 0.0, 0.0, 1.0]
            ]
        },
        {
            "name": "Thigh_R",
            "time": [0.0, 0.0167, 0.0333, 0.05, 0.0667, 0.0833, 0.1, 0.1167, 0.1333, 0.15, 0.1667, 0.1833, 0.2, 0.2167, 0.2333, 0.25, 0.2667, 0.2833, 0.3, 0.3167, 0.3333, 0.35, 0.3667, 0.3833, 0.4, 0.4167, 0.4333, 0.45, 0.4667, 0.4833, 0.5, 0.5167, 0.5333, 0.55, 0.5667, 0.5833, 0.6, 0.6167, 0.6333, 0.65, 0.6667, 0.6833, 0.7, 0.7167, 0.7333, 0.75, 0.7667, 0.7833, 0.8, 0.8167, 0.8333, 0.85, 0.8667, 0.8833, 0.9, 0.9167, 0.9333, 0.95, 0.9667, 0.9833, 1.0, 1.0167, 1.0333, 1.05, 1.0667, 1.0833, 1.1, 1.1167, 1.1333, 1.15, 1.1667, 1.1833, 1.2, 1.2167, 1.2333, 1.25, 1.2667, 1.2833, 1.3, 1.3167, 1.3333, 1.35, 1.3667, 1.3833, 1.4, 1.4167, 1.4333, 1.45, 1.4667, 1.4833, 1.5, 1.5167, 1.5333, 1.55, 1.5667, 1.5833, 1.6, 1.6167, 1.6333, 1.65, 1.6667],
            "transform": [
                [0.881086, 0.303775, 0.362501, 0.124994, 0.175235, -0.921584, 0.346368, -0.002831, 0.439295, -0.241657, -0.865229, -1.2e-05, 0.0, 0.0, 0.0, 1.0],
                [0.892259, 0.37123, 0.257024, 0.124994, 0.21593, -0.850744, 0.479171, -0.002831, 0.396546, -0.372044, -0.839246, -1.2e-05, 0.0, 0.0, 0.0, 1.0],
                [0.894904, 0.445403, 0.02759, 0.124994, 0.344107, -0.728099, 0.59284, -0.002831, 0.284141, -0.521039, -0.804848, -1.2e-05, 0.0, 0.0, 0.0, 1.0],
                [0.852194, 0.505747, -0.134095, 0.124994, 0.482561, -0.660654, 0.575037, -0.002831, 0.202233, -0.55475, -0.807064, -1.2e-05, 0.0, 0.0, 0.0, 1.0],
                [0.824404, 0.540123, -0.169182, 0.124994, 0.534056, -0.643309, 0.548575, -0.002831, 0.187462, -0.542598, -0.818806, -1.2e-05, 0.0, 0.0, 0.0, 1.0],
                [0.825683, 0.5341, -0.181611, 0.124994, 0.531945, -0.629929, 0.565881, -0.002831, 0.187835, -0.563843, -0.804237, -1.2e-05, 0.0, 0.0, 0.0, 1.0],
                [0.833271, 0.507024, -0.220416, 0.124994, 0.52725, -0.608835, 0.592726, -0.002831, 0.16633, -0.610114, -0.774657, -1.2e-05, 0.0, 0.0, 0.0, 1.0],
                [0.837122, 0.492087, -0.238901, 0.124994, 0.524914, -0.599757, 0.603948, -0.002831, 0.153913, -0.630979, -0.760377, -1.2e-05, 0.0, 0.0, 0.0, 1.0],
                [0.835869, 0.497057, -0.23293, 0.124994, 0.525892, -0.603474, 0.599378, -0.002831, 0.157358, -0.623495, -0.765826, -1.2e-05, 0.0, 0.0, 0.0, 1.0],
                [0.832434, 0.510353, -0.215848, 0.124994, 0.528491, -0.614114, 0.586139, -0.00283, 0.166583, -0.601994, -0.78093, -1.2e-05, 0.0, 0.0, 0.0, 1.0],
                [0.828307, 0.525835, -0.193399, 0.124994, 0.531457, -0.628125, 0.568339, -0.002831, 0.177374, -0.573541, -0.799742, -1.2e-05, 0.0, 0.0, 0.0, 1.0],
                [0.825374, 0.53659, -0.175572, 0.124994, 0.533432, -0.639294, 0.55385, -0.002831, 0.184948, -0.550788, -0.813895, -1.2e-05, 0.0, 0.0, 0.0, 1.0],
                [0.824404, 0.540123, -0.169182, 0.124994, 0.534056, -0.643309, 0.548575, -0.002831, 0.187462, -0.542598, -0.818806, -1.2e-05, 0.0, 0.0, 0.0, 1.0],
                [0.82713, 0.530171, -0.186474, 0.124994, 0.532264, -0.632459, 0.562749, -0.002831, 0.180416, -0.564718, -0.80532, -1.2e-05, 0.0, 0.0, 0.0, 1.0],
                [0.833755, 0.50529, -0.222559, 0.124994, 0.527504, -0.609933, 0.59137, -0.002831, 0.163068, -0.610457, -0.77508, -1.2e-05, 0.0, 0.0, 0.0, 1.0],
                [0.837122, 0.492087, -0.238901, 0.124994, 0.524914, -0.599757, 0.603948, -0.002831, 0.153912, -0.630979, -0.760377, -1.2e-05, 0.0, 0.0, 0.0, 1.0],
                [0.835178, 0.499763, -0.22959, 0.124994, 0.526423, -0.605553, 0.596809, -0.002831, 0.159234, -0.619302, -0.768835, -1.2e-05, 0.0, 0.0, 0.0, 1.0],
                [0.830325, 0.518324, -0.20469, 0.124994, 0.53003, -0.621072, 0.577352, -0.002831, 0.172128, -0.58788, -0.790422, -1.2e-05, 0.0, 0.0, 0.0, 1.0],
                [0.825931, 0.534561, -0.17911, 0.124994, 0.533068, -0.637074, 0.556752, -0.002831, 0.183512, -0.555315, -0.811139, -1.2e-05, 0.0, 0.0, 0.0, 1.0],
                [0.824404, 0.540123, -0.169182, 0.124994, 0.534056, -0.643309, 0.548575, -0.002831, 0.187462, -0.542598, -0.818806, -1.2e-05, 0.0, 0.0, 0.0, 1.0],
                [0.830326, 0.518324, -0.20469, 0.124994, 0.53003, -0.621072, 0.577352, -0.002831, 0.172128, -0.58788, -0.790422, -1.2e-05, 0.0, 0.0, 0.0, 1.0],
                [0.837122, 0.492087, -0.238901, 0.124994, 0.524914, -0.599757, 0.603948, -0.002831, 0.153913, -0.630979, -0.760377, -1.2e-05, 0.0, 0.0, 0.0, 1.0],
                [0.836249, 0.495554, -0.234756, 0.124994, 0.525596, -0.602337, 0.600779, -0.002831, 0.156316, -0.625786, -0.764169, -1.2e-05, 0.0, 0.0, 0.0, 1.0],
                [0.833755, 0.50529, -0.222559, 0.124994, 0.527504, -0.609932, 0.59137, -0.002831, 0.163068, -0.610457, -0.77508, -1.2e-05, 0.0, 0.0, 0.0, 1.0],
                [0.830325, 0.518324, -0.20469, 0.124994, 0.53003, -0.621072, 0.577352, -0.002831, 0.172128, -0.58788, -0.790422, -1.2e-05, 0.0, 0.0, 0.0, 1.0],
                [0.82713, 0.530171, -0.186474, 0.124994, 0.532264, -0.632459, 0.56275, -0.002831, 0.180416, -0.564718, -0.80532, -1.2e-05, 0.0, 0.0, 0.0, 1.0],
                [0.825075, 0.537684, -0.173626, 0.124994, 0.533627, -0.640516, 0.552248, -0.002831, 0.185725, -0.548296, -0.8154, -1.2e-05, 0.0, 0.0, 0.0, 1.0],
                [0.824404, 0.540123, -0.169182, 0.124994, 0.534056, -0.643309, 0.548575, -0.002831, 0.187462, -0.542598, -0.818806, -1.2e-05, 0.0, 0.0, 0.0, 1.0],
                [0.824404, 0.540124, -0.16918, 0.124994, 0.534055, -0.64331, 0.548574, -0.002831, 0.187463, -0.542597, -0.818806, -1.2e-05, 0.0, 0.0, 0.0, 1.0],
                [0.824405, 0.540125, -0.169167, 0.124994, 0.53405, -0.643317, 0.548571, -0.002831, 0.18747, -0.542587, -0.818812, -1.2e-05, 0.0, 0.0, 0.0, 1.0],
                [0.824411, 0.54013, -0.169125, 0.124994, 0.534035, -0.643338, 0.548562, -0.002831, 0.18749, -0.542557, -0.818826, -1.2e-05, 0.0, 0.0, 0.0, 1.0],
                [0.824423, 0.540139, -0.169038, 0.124994, 0.534002, -0.643383, 0.548541, -0.002831, 0.187533, -0.542495, -0.818858, -1.2e-05, 0.0, 0.0, 0.0, 1.0],
                [0.824443, 0.540157, -0.168884, 0.124994, 0.533944, -0.643462, 0.548505, -0.002831, 0.187609, -0.542384, -0.818914, -1.2e-05, 0.0, 0.0, 0.0, 1.0],
                [0.824475, 0.540184, -0.168638, 0.124994, 0.533851, -0.643587, 0.548448, -0.002831, 0.18773, -0.542208, -0.819003, -1.2e-05, 0.0, 0.0, 0.0, 1.0],
                [0.824523, 0.540224, -0.168276, 0.124994, 0.533715, -0.643772, 0.548363, -0.002831, 0.187908, -0.541948, -0.819134, -1.2e-05, 0.0, 0.0, 0.0, 1.0],
                [0.824589, 0.54028, -0.167773, 0.124994, 0.533526, -0.644029, 0.548246, -0.002831, 0.188156, -0.541587, -0.819316, -1.2e-05, 0.0, 0.0, 0.0, 1.0],
                [0.824676, 0.540353, -0.167108, 0.124994, 0.533276, -0.64437, 0.548089, -0.002831, 0.188482, -0.541109, -0.819557, -1.2e-05, 0.0, 0.0, 0.0, 1.0],
                [0.824786, 0.540445, -0.166266, 0.124994, 0.532959, -0.644801, 0.547889, -0.002831, 0.188896, -0.540502, -0.819862, -1.2e-05, 0.0, 0.0, 0.0, 1.0],
                [0.824919, 0.540557, -0.165237, 0.124994, 0.532573, -0.645329, 0.547643, -0.002831, 0.1894, -0.539761, -0.820234, -1.2e-05, 0.0, 0.0, 0.0, 1.0],
                [0.825077, 0.540687, -0.16402, 0.124994, 0.532117, -0.645954, 0.547349, -0.002831, 0.189995, -0.538882, -0.820674, -1.2e-05, 0.0, 0.0, 0.0, 1.0],
                [0.825257, 0.540835, -0.16262, 0.124994, 0.531593, -0.646675, 0.547007, -0.002831, 0.190679, -0.537867, -0.821181, -1.2e-05, 0.0, 0.0, 0.0, 1.0],
                [0.825459, 0.540999, -0.161045, 0.124994, 0.531004, -0.647488, 0.546618, -0.002831, 0.191445, -0.536724, -0.82175, -1.2e-05, 0.0, 0.0, 0.0, 1.0],
                [0.825679, 0.541176, -0.159308, 0.124994, 0.530356, -0.648386, 0.546183, -0.002831, 0.192289, -0.53546, -0.822378, -1.2e-05, 0.0, 0.0, 0.0, 1.0],
                [0.825917, 0.541365, -0.157424, 0.124994, 0.529654, -0.649362, 0.545703, -0.002831, 0.1932, -0.534084, -0.823059, -1.2e-05, 0.0, 0.0, 0.0, 1.0],
                [0.82617, 0.541562, -0.155407, 0.124994, 0.528904, -0.65041, 0.545182, -0.002831, 0.194172, -0.532607, -0.823787, -1.2e-05, 0.0, 0.0, 0.0, 1.0],
                [0.826675, 0.541455, -0.153076, 0.124994, 0.527682, -0.651571, 0.54498, -0.002831, 0.195343, -0.531295, -0.824357, -1.2e-05, 0.0, 0.0, 0.0, 1.0],
                [0.827673, 0.540727, -0.150229, 0.124994, 0.525553, -0.652902, 0.545444, -0.002831, 0.196852, -0.530401, -0.824574, -1.2e-05, 0.0, 0.0, 0.0, 1.0],
                [0.829159, 0.539378, -0.146847, 0.124994, 0.522506, -0.654419, 0.546552, -0.002831, 0.198699, -0.529905, -0.82445, -1.2e-05, 0.0, 0.0, 0.0, 1.0],
                [0.831124, 0.537412, -0.1429, 0.124994, 0.518536, -0.656142, 0.548266, -0.002831, 0.200882, -0.529773, -0.824005, -1.2e-05, 0.0, 0.0, 0.0, 1.0],
                [0.833549, 0.53484, -0.138347, 0.124994, 0.513636, -0.658092, 0.550535, -0.002831, 0.203403, -0.529956, -0.823269, -1.2e-05, 0.0, 0.0, 0.0, 1.0],
                [0.836413, 0.53168, -0.133139, 0.124994, 0.507805, -0.660299, 0.553295, -0.002831, 0.206264, -0.53039, -0.822277, -1.2e-05, 0.0, 0.0, 0.0, 1.0],
                [0.839687, 0.527957, -0.12722, 0.124994, 0.501046, -0.662793, 0.556466, -0.002831, 0.20947, -0.530998, -0.821073, -1.2e-05, 0.0, 0.0, 0.0, 1.0],
                [0.84333, 0.523703, -0.120526, 0.124994, 0.493368, -0.665607, 0.559956, -0.002831, 0.213028, -0.53169, -0.819708, -1.2e-05, 0.0, 0.0, 0.0, 1.0],
                [0.847298, 0.518957, -0.11299, 0.124994, 0.484786, -0.66878, 0.56366, -0.002831, 0.21695, -0.532362, -0.818243, -1.2e-05, 0.0, 0.0, 0.0, 1.0],
                [0.851537, 0.513764, -0.104542, 0.124994, 0.475324, -0.672352, 0.567455, -0.002831, 0.22125, -0.532899, -0.816741, -1.2e-05, 0.0, 0.0, 0.0, 1.0],
                [0.855983, 0.508177, -0.095115, 0.124994, 0.465016, -0.676364, 0.571216, -0.002831, 0.225947, -0.53318, -0.81527, -1.2e-05, 0.0, 0.0, 0.0, 1.0],
                [0.860568, 0.50225, -0.084643, 0.124994, 0.453905, -0.680858, 0.574803, -0.002831, 0.231065, -0.533076, -0.813902, -1.2e-05, 0.0, 0.0, 0.0, 1.0],
                [0.865217, 0.496042, -0.073072, 0.124994, 0.442046, -0.685876, 0.578072, -0.002831, 0.23663, -0.532457, -0.812708, -1.2e-05, 0.0, 0.0, 0.0, 1.0],
                [0.869848, 0.489612, -0.060352, 0.124994, 0.429506, -0.691457, 0.580868, -0.002831, 0.24267, -0.531187, -0.811757, -1.2e-05, 0.0, 0.0, 0.0, 1.0],
                [0.874377, 0.483018, -0.046453, 0.124994, 0.416364, -0.697639, 0.583042, -0.002831, 0.249214, -0.529138, -0.811113, -1.2e-05, 0.0, 0.0, 0.0, 1.0],
                [0.878717, 0.47631, -0.031367, 0.124994, 0.402709, -0.704441, 0.584454, -0.002831, 0.256285, -0.526199, -0.810821, -1.2e-05, 0.0, 0.0, 0.0, 1.0],
                [0.882786, 0.469529, -0.015107, 0.124994, 0.388641, -0.71188, 0.584963, -0.002831, 0.263903, -0.522266, -0.81092, -1.2e-05, 0.0, 0.0, 0.0, 1.0],
                [0.886507, 0.462708, 0.002287, 0.124994, 0.374273, -0.71996, 0.584443, -0.002831, 0.272074, -0.517256, -0.811431, -1.2e-05, 0.0, 0.0, 0.0, 1.0],
                [0.889807, 0.455862, 0.02075, 0.124994, 0.359722, -0.728672, 0.582781, -0.002831, 0.280788, -0.511098, -0.812364, -1.2e-05, 0.0, 0.0, 0.0, 1.0],
                [0.892629, 0.448995, 0.040183, 0.124994, 0.345111, -0.737993, 0.57988, -0.002831, 0.290018, -0.503749, -0.813711, -1.2e-05, 0.0, 0.0, 0.0, 1.0],
                [0.894928, 0.442094, 0.060459, 0.124994, 0.330567, -0.747885, 0.575664, -0.002831, 0.299714, -0.495191, -0.815448, -1.2e-05, 0.0, 0.0, 0.0, 1.0],
                [0.896676, 0.435135, 0.081418, 0.124994, 0.316218, -0.75829, 0.570087, -0.002831, 0.309803, -0.485436, -0.817541, -1.2e-05, 0.0, 0.0, 0.0, 1.0],
                [0.897864, 0.428082, 0.102878, 0.124994, 0.302187, -0.769138, 0.563122, -0.002831, 0.32019, -0.474518, -0.819945, -1.2e-05, 0.0, 0.0, 0.0, 1.0],
                [0.898505, 0.420897, 0.124636, 0.124994, 0.288591, -0.780343, 0.554776, -0.002831, 0.330763, -0.462499, -0.822611, -1.2e-05, 0.0, 0.0, 0.0, 1.0],
                [0.898624, 0.413542, 0.146474, 0.124994, 0.27554, -0.791808, 0.545082, -0.002831, 0.341394, -0.449464, -0.825489, -1.2e-05, 0.0, 0.0, 0.0, 1.0],
                [0.898274, 0.405982, 0.168171, 0.124994, 0.263127, -0.80343, 0.534098, -0.002831, 0.351949, -0.435515, -0.828527, -1.2e-05, 0.0, 0.0, 0.0, 1.0],
                [0.89751, 0.398197, 0.189507, 0.124994, 0.251434, -0.815096, 0.521915, -0.002831, 0.362292, -0.420775, -0.83168, -1.2e-05, 0.0, 0.0, 0.0, 1.0],
                [0.896406, 0.390182, 0.21027, 0.124994, 0.240524, -0.826692, 0.508651, -0.002831, 0.372295, -0.405382, -0.834901, -1.2e-05, 0.0, 0.0, 0.0, 1.0],
                [0.895037, 0.381946, 0.230267, 0.124994, 0.230446, -0.838104, 0.494442, -0.002831, 0.381839, -0.38948, -0.838155, -1.2e-05, 0.0, 0.0, 0.0, 1.0],
                [0.893485, 0.373526, 0.249324, 0.124994, 0.221232, -0.849221, 0.479455, -0.002831, 0.390821, -0.373227, -0.841403, -1.2e-05, 0.0, 0.0, 0.0, 1.0],
                [0.891824, 0.364975, 0.267288, 0.124994, 0.212896, -0.859933, 0.463882, -0.00283, 0.399156, -0.356796, -0.844613, -1.2e-05, 0.0, 0.0, 0.0, 1.0],
                [0.890126, 0.356375, 0.284025, 0.124994, 0.205443, -0.870137, 0.447941, -0.002831, 0.406777, -0.340373, -0.847749, -1.2e-05, 0.0, 0.0, 0.0, 1.0],
                [0.888458, 0.34783, 0.299424, 0.124994, 0.198865, -0.879731, 0.43188, -0.002831, 0.413635, -0.324162, -0.850779, -1.2e-05, 0.0, 0.0, 0.0, 1.0],
                [0.886875, 0.339473, 0.313384, 0.124994, 0.193147, -0.888617, 0.415992, -0.002831, 0.419697, -0.308403, -0.853663, -1.2e-05, 0.0, 0.0, 0.0, 1.0],
                [0.885424, 0.331466, 0.325811, 0.124994, 0.188267, -0.89669, 0.400622, -0.002831, 0.424945, -0.29338, -0.856358, -1.2e-05, 0.0, 0.0, 0.0, 1.0],
                [0.884144, 0.324007, 0.336612, 0.124994, 0.184202, -0.903844, 0.386177, -0.002831, 0.429369, -0.279431, -0.858813, -1.2e-05, 0.0, 0.0, 0.0, 1.0],
                [0.883064, 0.317328, 0.345688, 0.124994, 0.180924, -0.909962, 0.37314, -0.002831, 0.432971, -0.266963, -0.860969, -1.2e-05, 0.0, 0.0, 0.0, 1.0],
                [0.882206, 0.311697, 0.352926, 0.124994, 0.17841, -0.914916, 0.36207, -0.002831, 0.435754, -0.256454, -0.862757, -1.2e-05, 0.0, 0.0, 0.0, 1.0],
                [0.881585, 0.307397, 0.358208, 0.124994, 0.176636, -0.918578, 0.353566, -0.002831, 0.437728, -0.248425, -0.864105, -1.2e-05, 0.0, 0.0, 0.0, 1.0],
                [0.881211, 0.304697, 0.361423, 0.124994, 0.175583, -0.920826, 0.348204, -0.002831, 0.438905, -0.243381, -0.864944, -1.2e-05, 0.0, 0.0, 0.0, 1.0],
                [0.881086, 0.303775, 0.362501, 0.124994, 0.175235, -0.921584, 0.346368, -0.002831, 0.439295, -0.241657, -0.865229, -1.2e-05, 0.0, 0.0, 0.0, 1.0],
                [0.881086, 0.303775, 0.362501, 0.124994, 0.175235, -0.921584, 0.346368, -0.002831, 0.439295, -0.241657, -0.865229, -1.2e-05, 0.0, 0.0, 0.0, 1.0],
                [0.881086, 0.303775, 0.362501, 0.124994, 0.175235, -0.921584, 0.346368, -0.002831, 0.439295, -0.241657, -0.865229, -1.2e-05, 0.0, 0.0, 0.0, 1.0],
                [0.881086, 0.303775, 0.362501, 0.124994, 0.175235, -0.921584, 0.346368, -0.002831, 0.439295, -0.241657, -0.865229, -1.2e-05, 0.0, 0.0, 0.0, 1.0],
                [0.881086, 0.303775, 0.362501, 0.124994, 0.175235, -0.921584, 0.346368, -0.002831, 0.439295, -0.241657, -0.865229, -1.2e-05, 0.0, 0.0, 0.0, 1.0],
                [0.881086, 0.303775, 0.362501, 0.124994, 0.175235, -0.921584, 0.346368, -0.002831, 0.439295, -0.241657, -0.865229, -1.2e-05, 0.0, 0.0, 0.0, 1.0],
                [0.881086, 0.303775, 0.362501, 0.124994, 0.175235, -0.921584, 0.346368, -0.002831, 0.439295, -0.241657, -0.865229, -1.2e-05, 0.0, 0.0, 0.0, 1.0],
                [0.881086, 0.303775, 0.362501, 0.124994, 0.175235, -0.921584, 0.346368, -0.002831, 0.439295, -0.241657, -0.865229, -1.2e-05, 0.0, 0.0, 0.0, 1.0],
                [0.881086, 0.303775, 0.362501, 0.124994, 0.175235, -0.921584, 0.346368, -0.002831, 0.439295, -0.241657, -0.865229, -1.2e-05, 0.0, 0.0, 0.0, 1.0],
                [0.881086, 0.303775, 0.362501, 0.124994, 0.175235, -0.921584, 0.346368, -0.002831, 0.439295, -0.241657, -0.865229, -1.2e-05, 0.0, 0.0, 0.0, 1.0],
                [0.881086, 0.303775, 0.362501, 0.124994, 0.175235, -0.921584, 0.346368, -0.002831, 0.439295, -0.241657, -0.865229, -1.2e-05, 0.0, 0.0, 0.0, 1.0],
                [0.881086, 0.303775, 0.362501, 0.124994, 0.175235, -0.921584, 0.346368, -0.002831, 0.439295, -0.241657, -0.865229, -1.2e-05, 0.0, 0.0, 0.0, 1.0],
                [0.881086, 0.303775, 0.362501, 0.124994, 0.175235, -0.921584, 0.346368, -0.002831, 0.439295, -0.241657, -0.865229, -1.2e-05, 0.0, 0.0, 0.0, 1.0],
                [0.881086, 0.303775, 0.362501, 0.124994, 0.175235, -0.921584, 0.346368, -0.002831, 0.439295, -0.241657, -0.865229, -1.2e-05, 0.0, 0.0, 0.0, 1.0],
                [0.881086, 0.303775, 0.362501, 0.124994, 0.175235, -0.921584, 0.346368, -0.002831, 0.439295, -0.241657, -0.865229, -1.2e-05, 0.0, 0.0, 0.0, 1.0],
                [0.881086, 0.303775, 0.362501, 0.124994, 0.175235, -0.921584, 0.346368, -0.002831, 0.439295, -0.241657, -0.865229, -1.2e-05, 0.0, 0.0, 0.0, 1.0]
            ]
        },
        {
            "name": "Leg_R",
            "time": [0.0, 0.0167, 0.0333, 0.05, 0.0667, 0.0833, 0.1, 0.1167, 0.1333, 0.15, 0.1667, 0.1833, 0.2, 0.2167, 0.2333, 0.25, 0.2667, 0.2833, 0.3, 0.3167, 0.3333, 0.35, 0.3667, 0.3833, 0.4, 0.4167, 0.4333, 0.45, 0.4667, 0.4833, 0.5, 0.5167, 0.5333, 0.55, 0.5667, 0.5833, 0.6, 0.6167, 0.6333, 0.65, 0.6667, 0.6833, 0.7, 0.7167, 0.7333, 0.75, 0.7667, 0.7833, 0.8, 0.8167, 0.8333, 0.85, 0.8667, 0.8833, 0.9, 0.9167, 0.9333, 0.95, 0.9667, 0.9833, 1.0, 1.0167, 1.0333, 1.05, 1.0667, 1.0833, 1.1, 1.1167, 1.1333, 1.15, 1.1667, 1.1833, 1.2, 1.2167, 1.2333, 1.25, 1.2667, 1.2833, 1.3, 1.3167, 1.3333, 1.35, 1.3667, 1.3833, 1.4, 1.4167, 1.4333, 1.45, 1.4667, 1.4833, 1.5, 1.5167, 1.5333, 1.55, 1.5667, 1.5833, 1.6, 1.6167, 1.6333, 1.65, 1.6667],
            "transform": [
                [1.0, 0.0, 1e-06, 0.0, -0.0, 0.957377, 0.288842, 0.37472, -1e-06, -0.288842, 0.957377, 0.0, 0.0, 0.0, 0.0, 1.0],
                [1.0, -0.0, 1e-06, 0.0, -0.0, 0.821343, 0.570436, 0.37472, -1e-06, -0.570436, 0.821343, -0.0, 0.0, 0.0, 0.0, 1.0],
                [1.0, -0.0, 1e-06, -0.0, -0.0, 0.512868, 0.858469, 0.37472, -1e-06, -0.858468, 0.512868, -0.0, 0.0, 0.0, 0.0, 1.0],
                [1.0, -0.0, 0.0, 0.0, -0.0, 0.279576, 0.960126, 0.37472, -1e-06, -0.960123, 0.279577, -0.0, 0.0, 0.0, 0.0, 1.0],
                [1.0, -1e-06, 0.0, 0.0, -0.0, 0.211992, 0.977274, 0.37472, -1e-06, -0.977271, 0.211993, 0.0, 0.0, 0.0, 0.0, 1.0],
                [1.0, -1e-06, 0.0, -0.0, -0.0, 0.210602, 0.977575, 0.37472, -1e-06, -0.977571, 0.210603, 0.0, 0.0, 0.0, 0.0, 1.0],
                [1.0, -1e-06, 0.0, 0.0, -0.0, 0.209101, 0.977896, 0.37472, -1e-06, -0.977893, 0.209101, -0.0, 0.0, 0.0, 0.0, 1.0],
                [1.0, -1e-06, 0.0, 0.0, -0.0, 0.209091, 0.977899, 0.37472, -1e-06, -0.977895, 0.209092, -0.0, 0.0, 0.0, 0.0, 1.0],
                [1.0, -1e-06, 0.0, -0.0, -0.0, 0.209043, 0.977908, 0.37472, -1e-06, -0.977906, 0.209044, -0.0, 0.0, 0.0, 0.0, 1.0],
                [1.0, -1e-06, 1e-06, 0.0, -0.0, 0.20923, 0.977869, 0.37472, -1e-06, -0.977866, 0.20923, -0.0, 0.0, 0.0, 0.0, 1.0],
                [1.0, -1e-06, 0.0, 0.0, -0.0, 0.210162, 0.977669, 0.37472, -1e-06, -0.977666, 0.210162, -0.0, 0.0, 0.0, 0.0, 1.0],
                [1.0, -1e-06, 0.0, -0.0, -0.0, 0.211429, 0.977396, 0.37472, -1e-06, -0.977392, 0.21143, 0.0, 0.0, 0.0, 0.0, 1.0],
                [1.0, -1e-06, 1e-06, 0.0, -0.0, 0.211992, 0.977274, 0.37472, -1e-06, -0.977271, 0.211993, -0.0, 0.0, 0.0, 0.0, 1.0],
                [1.0, -1e-06, 0.0, -0.0, -0.0, 0.210602, 0.977575, 0.37472, -1e-06, -0.977571, 0.210603, -0.0, 0.0, 0.0, 0.0, 1.0],
                [1.0, -1e-06, 0.0, 0.0, -0.0, 0.209101, 0.977896, 0.37472, -1e-06, -0.977894, 0.209101, 0.0, 0.0, 0.0, 0.0, 1.0],
                [1.0, -1e-06, 0.0, 0.0, -0.0, 0.20909, 0.977899, 0.37472, -1e-06, -0.977895, 0.209091, -0.0, 0.0, 0.0, 0.0, 1.0],
                [1.0, -1e-06, 0.0, -0.0, -0.0, 0.209042, 0.977909, 0.37472, -1e-06, -0.977906, 0.209043, 0.0, 0.0, 0.0, 0.0, 1.0],
                [1.0, -1e-06, 0.0, -0.0, -0.0, 0.209599, 0.97779, 0.37472, -1e-06, -0.977786, 0.2096, -0.0, 0.0, 0.0, 0.0, 1.0],
                [1.0, -1e-06, 0.0, -0.0, -0.0, 0.211142, 0.977457, 0.37472, -1e-06, -0.977454, 0.211143, -0.0, 0.0, 0.0, 0.0, 1.0],
                [1.0, -1e-06, 0.0, 0.0, -0.0, 0.211992, 0.977274, 0.37472, -1e-06, -0.977271, 0.211992, -0.0, 0.0, 0.0, 0.0, 1.0],
                [1.0, -1e-06, 0.0, 0.0, -0.0, 0.209599, 0.97779, 0.37472, -1e-06, -0.977787, 0.2096, 0.0, 0.0, 0.0, 0.0, 1.0],
                [1.0, -1e-06, 0.0, 0.0, -0.0, 0.209091, 0.977899, 0.37472, -1e-06, -0.977895, 0.209091, 0.0, 0.0, 0.0, 0.0, 1.0],
                [1.0, -1e-06, 1e-06, 0.0, -0.0, 0.209053, 0.977907, 0.37472, -1e-06, -0.977904, 0.209053, -0.0, 0.0, 0.0, 0.0, 1.0],
                [1.0, -0.0, 0.0, 0.0, -0.0, 0.209101, 0.977896, 0.37472, -1e-06, -0.977893, 0.209102, -0.0, 0.0, 0.0, 0.0, 1.0],
                [1.0, -1e-06, 0.0, -0.0, -0.0, 0.209599, 0.97779, 0.37472, -1e-06, -0.977786, 0.2096, 0.0, 0.0, 0.0, 0.0, 1.0],
                [1.0, -0.0, 0.0, -0.0, -0.0, 0.210602, 0.977574, 0.37472, -1e-06, -0.97757, 0.210603, 0.0, 0.0, 0.0, 0.0, 1.0],
                [1.0, -1e-06, 0.0, 0.0, -0.0, 0.211594, 0.97736, 0.37472, -1e-06, -0.977357, 0.211595, -0.0, 0.0, 0.0, 0.0, 1.0],
                [1.0, -1e-06, 0.0, -0.0, -0.0, 0.211992, 0.977274, 0.37472, -1e-06, -0.977271, 0.211993, 0.0, 0.0, 0.0, 0.0, 1.0],
                [1.0, -1e-06, 0.0, 0.0, -0.0, 0.211994, 0.977273, 0.37472, -1e-06, -0.97727, 0.211995, -0.0, 0.0, 0.0, 0.0, 1.0],
                [1.0, -1e-06, 0.0, 0.0, -0.0, 0.212018, 0.977268, 0.37472, -1e-06, -0.977265, 0.212019, -0.0, 0.0, 0.0, 0.0, 1.0],
                [1.0, -1e-06, 0.0, 0.0, -0.0, 0.212089, 0.977253, 0.37472, -1e-06, -0.977249, 0.21209, 0.0, 0.0, 0.0, 0.0, 1.0],
                [1.0, -1e-06, 0.0, 0.0, -0.0, 0.212238, 0.97722, 0.37472, -1e-06, -0.977217, 0.212239, 0.0, 0.0, 0.0, 0.0, 1.0],
                [1.0, -1e-06, 0.0, 0.0, -0.0, 0.212502, 0.977163, 0.37472, -1e-06, -0.97716, 0.212502, 0.0, 0.0, 0.0, 0.0, 1.0],
                [1.0, -1e-06, 0.0, -0.0, -0.0, 0.212921, 0.977072, 0.37472, -1e-06, -0.977068, 0.212922, 0.0, 0.0, 0.0, 0.0, 1.0],
                [1.0, -1e-06, 0.0, -0.0, -0.0, 0.213541, 0.976936, 0.37472, -1e-06, -0.976933, 0.213541, 0.0, 0.0, 0.0, 0.0, 1.0],
                [1.0, -1e-06, 0.0, 0.0, -0.0, 0.214401, 0.976748, 0.37472, -1e-06, -0.976745, 0.214401, -0.0, 0.0, 0.0, 0.0, 1.0],
                [1.0, -1e-06, 0.0, 0.0, -0.0, 0.215538, 0.976498, 0.37472, -1e-06, -0.976495, 0.215539, 0.0, 0.0, 0.0, 0.0, 1.0],
                [1.0, -1e-06, 0.0, 0.0, -0.0, 0.21698, 0.976179, 0.37472, -1e-06, -0.976176, 0.216981, 0.0, 0.0, 0.0, 0.0, 1.0],
