{
    "animation": [
        {
            "name": "Root",
            "time": [0.0, 0.0167, 0.0333, 0.05, 0.0667, 0.0833, 0.1, 0.1167, 0.1333, 0.15, 0.1667, 0.1833, 0.2, 0.2167, 0.2333, 0.25, 0.2667, 0.2833, 0.3, 0.3167, 0.3333, 0.35, 0.3667, 0.3833, 0.4, 0.4167, 0.4333, 0.45, 0.4667, 0.4833, 0.5, 0.5167, 0.5333, 0.55, 0.5667, 0.5833, 0.6, 0.6167, 0.6333, 0.65, 0.6667, 0.6833, 0.7, 0.7167, 0.7333, 0.75, 0.7667, 0.7833, 0.8, 0.8167, 0.8333, 0.85, 0.8667, 0.8833, 0.9, 0.9167, 0.9333, 0.95, 0.9667, 0.9833, 1.0, 1.0167, 1.0333, 1.05, 1.0667, 1.0833, 1.1, 1.1167, 1.1333, 1.15, 1.1667, 1.1833, 1.2, 1.2167, 1.2333, 1.25, 1.2667, 1.2833, 1.3, 1.3167, 1.3333, 1.35, 1.3667, 1.3833, 1.4, 1.4167, 1.4333, 1.45, 1.4667, 1.4833, 1.5],
            "transform": [
                [0.962859, -0.011225, 0.26977, -0.058326, 0.26993, 0.016608, -0.962737, 0.162996, 0.006327, 0.999799, 0.019021, 0.731243, 0.0, 0.0, 0.0, 1.0],
                [0.959347, -0.009748, 0.282061, -0.058326, 0.282219, 0.024514, -0.959037, 0.158399, 0.002435, 0.999652, 0.026268, 0.728906, 0.0, 0.0, 0.0, 1.0],
                [0.94816, -0.005936, 0.317737, -0.058326, 0.317671, 0.045341, -0.947116, 0.146373, -0.008785, 0.998954, 0.044876, 0.72209, 0.0, 0.0, 0.0, 1.0],
                [0.931842, -0.001866, 0.362858, -0.058326, 0.362171, 0.06651, -0.929736, 0.134347, -0.022399, 0.997784, 0.062653, 0.71337, 0.0, 0.0, 0.0, 1.0],
                [0.916804, 0.001401, 0.399335, -0.058326, 0.398108, 0.075199, -0.914251, 0.12975, -0.031311, 0.997168, 0.068385, 0.70623, 0.0, 0.0, 0.0, 1.0],
                [0.90121, 0.005646, 0.433347, -0.058326, 0.432029, 0.067291, -0.899346, 0.129972, -0.034238, 0.997717, 0.058204, 0.699486, 0.0, 0.0, 0.0, 1.0],
                [0.884934, 0.011727, 0.465569, -0.058326, 0.464609, 0.046685, -0.884285, 0.131881, -0.032105, 0.998841, 0.035865, 0.693002, 0.0, 0.0, 0.0, 1.0],
                [0.87847, 0.016125, 0.477526, -0.058326, 0.476939, 0.030314, -0.878413, 0.136525, -0.02864, 0.99941, 0.01894, 0.690635, 0.0, 0.0, 0.0, 1.0],
                [0.92659, 0.015205, 0.375766, -0.051089, 0.375418, 0.021554, -0.926605, 0.148148, -0.022188, 0.999652, 0.014263, 0.692009, 0.0, 0.0, 0.0, 1.0],
                [0.989366, 0.007014, 0.145281, -0.031873, 0.145157, 0.015756, -0.989283, 0.191705, -0.009228, 0.999851, 0.01457, 0.697885, 0.0, 0.0, 0.0, 1.0],
                [0.989475, -0.008186, -0.144473, -0.001174, -0.144364, 0.012594, -0.989444, 0.290489, 0.009919, 0.999887, 0.01128, 0.710394, 0.0, 0.0, 0.0, 1.0],
                [0.893514, -0.026182, -0.448271, 0.036127, -0.447982, 0.016339, -0.893893, 0.418162, 0.030728, 0.999524, 0.00287, 0.726494, 0.0, 0.0, 0.0, 1.0],
                [0.832895, -0.032653, -0.552466, 0.051187, -0.552124, 0.019537, -0.833533, 0.470836, 0.038011, 0.999276, -0.001756, 0.733128, 0.0, 0.0, 0.0, 1.0],
                [0.832895, -0.032653, -0.552467, 0.051187, -0.552124, 0.019537, -0.833533, 0.470836, 0.038011, 0.999276, -0.001756, 0.733103, 0.0, 0.0, 0.0, 1.0],
                [0.832895, -0.032653, -0.552467, 0.051187, -0.552124, 0.019537, -0.833533, 0.470836, 0.038011, 0.999276, -0.001756, 0.733028, 0.0, 0.0, 0.0, 1.0],
                [0.832895, -0.032653, -0.552467, 0.051187, -0.552124, 0.019537, -0.833533, 0.470836, 0.038011, 0.999276, -0.001756, 0.732911, 0.0, 0.0, 0.0, 1.0],
                [0.832895, -0.032653, -0.552467, 0.051187, -0.552124, 0.019537, -0.833533, 0.470836, 0.038011, 0.999276, -0.001756, 0.732767, 0.0, 0.0, 0.0, 1.0],
                [0.832895, -0.032653, -0.552467, 0.051187, -0.552124, 0.019537, -0.833533, 0.470836, 0.038011, 0.999276, -0.001756, 0.732624, 0.0, 0.0, 0.0, 1.0],
                [0.832895, -0.032653, -0.552467, 0.051187, -0.552124, 0.019537, -0.833533, 0.470836, 0.038011, 0.999276, -0.001756, 0.732507, 0.0, 0.0, 0.0, 1.0],
                [0.832895, -0.032653, -0.552467, 0.051187, -0.552124, 0.019537, -0.833533, 0.470836, 0.038011, 0.999276, -0.001756, 0.732432, 0.0, 0.0, 0.0, 1.0],
                [0.832895, -0.032653, -0.552467, 0.051187, -0.552124, 0.019537, -0.833533, 0.470836, 0.038011, 0.999276, -0.001756, 0.732407, 0.0, 0.0, 0.0, 1.0],
                [0.832895, -0.032653, -0.552467, 0.051187, -0.552124, 0.019537, -0.833533, 0.470836, 0.038011, 0.999276, -0.001756, 0.732414, 0.0, 0.0, 0.0, 1.0],
                [0.832895, -0.032653, -0.552467, 0.051187, -0.552124, 0.019537, -0.833533, 0.470836, 0.038011, 0.999276, -0.001756, 0.732441, 0.0, 0.0, 0.0, 1.0],
                [0.832895, -0.032653, -0.552467, 0.051187, -0.552124, 0.019537, -0.833533, 0.470836, 0.038011, 0.999276, -0.001756, 0.732501, 0.0, 0.0, 0.0, 1.0],
                [0.832895, -0.032653, -0.552467, 0.051187, -0.552124, 0.019537, -0.833533, 0.470836, 0.038011, 0.999276, -0.001756, 0.732606, 0.0, 0.0, 0.0, 1.0],
                [0.832895, -0.032653, -0.552467, 0.051187, -0.552124, 0.019537, -0.833533, 0.470836, 0.038011, 0.999276, -0.001756, 0.73276, 0.0, 0.0, 0.0, 1.0],
                [0.832895, -0.032653, -0.552467, 0.051187, -0.552124, 0.019537, -0.833533, 0.470836, 0.038011, 0.999276, -0.001756, 0.732957, 0.0, 0.0, 0.0, 1.0],
                [0.832895, -0.032653, -0.552467, 0.051187, -0.552124, 0.019537, -0.833533, 0.470836, 0.038011, 0.999276, -0.001756, 0.733188, 0.0, 0.0, 0.0, 1.0],
                [0.83289, -0.032639, -0.552476, 0.051074, -0.552131, 0.019586, -0.833527, 0.470645, 0.038027, 0.999275, -0.001708, 0.733452, 0.0, 0.0, 0.0, 1.0],
                [0.832888, -0.032597, -0.552481, 0.050727, -0.552131, 0.019734, -0.833524, 0.470062, 0.038073, 0.999274, -0.001562, 0.733758, 0.0, 0.0, 0.0, 1.0],
                [0.832912, -0.032527, -0.552449, 0.050139, -0.552089, 0.01998, -0.833546, 0.46907, 0.03815, 0.999271, -0.001316, 0.734105, 0.0, 0.0, 0.0, 1.0],
                [0.832991, -0.032428, -0.552335, 0.049301, -0.551962, 0.020323, -0.833622, 0.467656, 0.038257, 0.999267, -0.00097, 0.734491, 0.0, 0.0, 0.0, 1.0],
                [0.833157, -0.032301, -0.552092, 0.04821, -0.551702, 0.020759, -0.833783, 0.465812, 0.038393, 0.999263, -0.000525, 0.734916, 0.0, 0.0, 0.0, 1.0],
                [0.833447, -0.032147, -0.551664, 0.046865, -0.551253, 0.021285, -0.834067, 0.463534, 0.038555, 0.999256, 1.9e-05, 0.735375, 0.0, 0.0, 0.0, 1.0],
                [0.833901, -0.031969, -0.550988, 0.045268, -0.550553, 0.021892, -0.834513, 0.460826, 0.038741, 0.999249, 0.000655, 0.735865, 0.0, 0.0, 0.0, 1.0],
                [0.834562, -0.031768, -0.549997, 0.043427, -0.549535, 0.022571, -0.835166, 0.457698, 0.038946, 0.99924, 0.001379, 0.73638, 0.0, 0.0, 0.0, 1.0],
                [0.835477, -0.031549, -0.548619, 0.041355, -0.548128, 0.023308, -0.83607, 0.454171, 0.039165, 0.99923, 0.00218, 0.736914, 0.0, 0.0, 0.0, 1.0],
                [0.836689, -0.031316, -0.546782, 0.039073, -0.546259, 0.02409, -0.83727, 0.450275, 0.039392, 0.999219, 0.003049, 0.73746, 0.0, 0.0, 0.0, 1.0],
                [0.838241, -0.031074, -0.544414, 0.036602, -0.543859, 0.024898, -0.838807, 0.446049, 0.03962, 0.999207, 0.003971, 0.738009, 0.0, 0.0, 0.0, 1.0],
                [0.840169, -0.030829, -0.541448, 0.033975, -0.54086, 0.025716, -0.84072, 0.44154, 0.039842, 0.999194, 0.004932, 0.738553, 0.0, 0.0, 0.0, 1.0],
                [0.842502, -0.030586, -0.537825, 0.031222, -0.537203, 0.026524, -0.843036, 0.436803, 0.040051, 0.99918, 0.005915, 0.739083, 0.0, 0.0, 0.0, 1.0],
                [0.845259, -0.030352, -0.533494, 0.028379, -0.53284, 0.027303, -0.845775, 0.431895, 0.040237, 0.999166, 0.006905, 0.73959, 0.0, 0.0, 0.0, 1.0],
                [0.848449, -0.030133, -0.528418, 0.025484, -0.527733, 0.028034, -0.848948, 0.426878, 0.040395, 0.999153, 0.007884, 0.740066, 0.0, 0.0, 0.0, 1.0],
                [0.85207, -0.029932, -0.522571, 0.022569, -0.521857, 0.028703, -0.85255, 0.421808, 0.040518, 0.99914, 0.008836, 0.740504, 0.0, 0.0, 0.0, 1.0],
                [0.856109, -0.029755, -0.515938, 0.019669, -0.515198, 0.029294, -0.856571, 0.416742, 0.040601, 0.999128, 0.009749, 0.740899, 0.0, 0.0, 0.0, 1.0],
                [0.860542, -0.029603, -0.508518, 0.016812, -0.507755, 0.029795, -0.860986, 0.41173, 0.040639, 0.999118, 0.010609, 0.741246, 0.0, 0.0, 0.0, 1.0],
                [0.86534, -0.029479, -0.500318, 0.014024, -0.499536, 0.030199, -0.865767, 0.406813, 0.040631, 0.999109, 0.011406, 0.741541, 0.0, 0.0, 0.0, 1.0],
                [0.870465, -0.029384, -0.491353, 0.011326, -0.490556, 0.030497, -0.870876, 0.402028, 0.040575, 0.999103, 0.012132, 0.741782, 0.0, 0.0, 0.0, 1.0],
                [0.875875, -0.029317, -0.481646, 0.008734, -0.480837, 0.030686, -0.876273, 0.397405, 0.04047, 0.999099, 0.01278, 0.741969, 0.0, 0.0, 0.0, 1.0],
                [0.881529, -0.029278, -0.471221, 0.006261, -0.470405, 0.030762, -0.881914, 0.392966, 0.040316, 0.999098, 0.013345, 0.742102, 0.0, 0.0, 0.0, 1.0],
                [0.887381, -0.029264, -0.460107, 0.003916, -0.459288, 0.030726, -0.887756, 0.388726, 0.040116, 0.999099, 0.013825, 0.74218, 0.0, 0.0, 0.0, 1.0],
                [0.893386, -0.029273, -0.448335, 0.001705, -0.447517, 0.030577, -0.893753, 0.384698, 0.039872, 0.999104, 0.014217, 0.742206, 0.0, 0.0, 0.0, 1.0],
                [0.90006, -0.029254, -0.434783, -0.000511, -0.43397, 0.030323, -0.900417, 0.380628, 0.039524, 0.999112, 0.014597, 0.742173, 0.0, 0.0, 0.0, 1.0],
                [0.907865, -0.029152, -0.418248, -0.002874, -0.417444, 0.029967, -0.908208, 0.37626, 0.03901, 0.999126, 0.015037, 0.742073, 0.0, 0.0, 0.0, 1.0],
                [0.916644, -0.028963, -0.398654, -0.005379, -0.397863, 0.029514, -0.91697, 0.371602, 0.038324, 0.999145, 0.01553, 0.741906, 0.0, 0.0, 0.0, 1.0],
                [0.926195, -0.02868, -0.375952, -0.00802, -0.375179, 0.028965, -0.9265, 0.366665, 0.037462, 0.999169, 0.016067, 0.741671, 0.0, 0.0, 0.0, 1.0],
                [0.93627, -0.028298, -0.35014, -0.010787, -0.349389, 0.028329, -0.936549, 0.361468, 0.036422, 0.999198, 0.016636, 0.74137, 0.0, 0.0, 0.0, 1.0],
                [0.946577, -0.027814, -0.321275, -0.013668, -0.320549, 0.027613, -0.946829, 0.356033, 0.035206, 0.999232, 0.017222, 0.741005, 0.0, 0.0, 0.0, 1.0],
                [0.956794, -0.027224, -0.289489, -0.016647, -0.288792, 0.026829, -0.957016, 0.350389, 0.03382, 0.999269, 0.017808, 0.740578, 0.0, 0.0, 0.0, 1.0],
                [0.966576, -0.026527, -0.255003, -0.019706, -0.25434, 0.025992, -0.966766, 0.344575, 0.032273, 0.99931, 0.018377, 0.740094, 0.0, 0.0, 0.0, 1.0],
                [0.975578, -0.025727, -0.21814, -0.022821, -0.217513, 0.025118, -0.975734, 0.338635, 0.030582, 0.999353, 0.018909, 0.739558, 0.0, 0.0, 0.0, 1.0],
                [0.983477, -0.024829, -0.179323, -0.025967, -0.178734, 0.024226, -0.983599, 0.332618, 0.028766, 0.999398, 0.019388, 0.738977, 0.0, 0.0, 0.0, 1.0],
                [0.989995, -0.023844, -0.139072, -0.029114, -0.138523, 0.023334, -0.990084, 0.326583, 0.026853, 0.999443, 0.019798, 0.738361, 0.0, 0.0, 0.0, 1.0],
                [0.994927, -0.022787, -0.097988, -0.032231, -0.097479, 0.022462, -0.994984, 0.32059, 0.024873, 0.999488, 0.020127, 0.737717, 0.0, 0.0, 0.0, 1.0],
                [0.998154, -0.021674, -0.056726, -0.035286, -0.056258, 0.021625, -0.998182, 0.314704, 0.022861, 0.999531, 0.020366, 0.737057, 0.0, 0.0, 0.0, 1.0],
                [0.999662, -0.020528, -0.015965, -0.038246, -0.015537, 0.02084, -0.999662, 0.308989, 0.020854, 0.999572, 0.020514, 0.736392, 0.0, 0.0, 0.0, 1.0],
                [0.999533, -0.019371, 0.02363, -0.041079, 0.024019, 0.020119, -0.999509, 0.303508, 0.018886, 0.99961, 0.020574, 0.735732, 0.0, 0.0, 0.0, 1.0],
                [0.997944, -0.018227, 0.061442, -0.043757, 0.061795, 0.019468, -0.997899, 0.29832, 0.016993, 0.999644, 0.020554, 0.735088, 0.0, 0.0, 0.0, 1.0],
                [0.995144, -0.017119, 0.096928, -0.046251, 0.097247, 0.018892, -0.995081, 0.293478, 0.015203, 0.999675, 0.020465, 0.734471, 0.0, 0.0, 0.0, 1.0],
                [0.991431, -0.016067, 0.129641, -0.048541, 0.129929, 0.018392, -0.991353, 0.289027, 0.013544, 0.999702, 0.020322, 0.733891, 0.0, 0.0, 0.0, 1.0],
                [0.987126, -0.015091, 0.159234, -0.050609, 0.159494, 0.017966, -0.987035, 0.285003, 0.012035, 0.999725, 0.020142, 0.733355, 0.0, 0.0, 0.0, 1.0],
                [0.982549, -0.014206, 0.185462, -0.05244, 0.185698, 0.01761, -0.982449, 0.281435, 0.010691, 0.999744, 0.019941, 0.732871, 0.0, 0.0, 0.0, 1.0],
                [0.978, -0.013425, 0.208172, -0.054026, 0.208387, 0.017319, -0.977893, 0.278341, 0.009523, 0.99976, 0.019735, 0.732444, 0.0, 0.0, 0.0, 1.0],
                [0.973744, -0.012755, 0.227288, -0.055362, 0.227485, 0.017085, -0.973632, 0.275733, 0.008535, 0.999773, 0.019538, 0.732079, 0.0, 0.0, 0.0, 1.0],
                [0.970001, -0.012204, 0.242796, -0.056445, 0.242979, 0.016905, -0.969884, 0.273615, 0.007732, 0.999783, 0.019363, 0.731778, 0.0, 0.0, 0.0, 1.0],
                [0.966941, -0.011774, 0.254727, -0.057279, 0.2549, 0.01677, -0.966822, 0.271985, 0.007112, 0.99979, 0.019217, 0.731543, 0.0, 0.0, 0.0, 1.0],
                [0.964688, -0.011468, 0.263145, -0.057866, 0.26331, 0.016679, -0.964567, 0.270835, 0.006673, 0.999795, 0.019109, 0.731376, 0.0, 0.0, 0.0, 1.0],
                [0.963317, -0.011286, 0.268129, -0.058212, 0.26829, 0.016625, -0.963195, 0.270156, 0.006413, 0.999798, 0.019043, 0.731276, 0.0, 0.0, 0.0, 1.0],
                [0.962859, -0.011225, 0.26977, -0.058326, 0.26993, 0.016608, -0.962737, 0.269933, 0.006327, 0.999799, 0.019021, 0.731243, 0.0, 0.0, 0.0, 1.0],
                [0.962859, -0.011225, 0.26977, -0.058326, 0.26993, 0.016608, -0.962737, 0.269933, 0.006327, 0.999799, 0.019021, 0.731243, 0.0, 0.0, 0.0, 1.0],
                [0.962859, -0.011225, 0.26977, -0.058326, 0.26993, 0.016608, -0.962737, 0.269933, 0.006327, 0.999799, 0.019021, 0.731243, 0.0, 0.0, 0.0, 1.0],
                [0.962859, -0.011225, 0.26977, -0.058326, 0.26993, 0.016608, -0.962737, 0.269933, 0.006327, 0.999799, 0.019021, 0.731243, 0.0, 0.0, 0.0, 1.0],
                [0.962859, -0.011225, 0.26977, -0.058326, 0.26993, 0.016608, -0.962737, 0.269933, 0.006327, 0.999799, 0.019021, 0.731243, 0.0, 0.0, 0.0, 1.0],
                [0.962859, -0.011225, 0.26977, -0.058326, 0.26993, 0.016608, -0.962737, 0.269933, 0.006327, 0.999799, 0.019021, 0.731243, 0.0, 0.0, 0.0, 1.0],
                [0.962859, -0.011225, 0.26977, -0.058326, 0.26993, 0.016608, -0.962737, 0.269933, 0.006327, 0.999799, 0.019021, 0.731243, 0.0, 0.0, 0.0, 1.0],
                [0.962859, -0.011225, 0.26977, -0.058326, 0.26993, 0.016608, -0.962737, 0.269933, 0.006327, 0.999799, 0.019021, 0.731243, 0.0, 0.0, 0.0, 1.0],
                [0.962859, -0.011225, 0.26977, -0.058326, 0.26993, 0.016608, -0.962737, 0.269933, 0.006327, 0.999799, 0.019021, 0.731243, 0.0, 0.0, 0.0, 1.0],
                [0.962859, -0.011225, 0.26977, -0.058326, 0.26993, 0.016608, -0.962737, 0.269933, 0.006327, 0.999799, 0.019021, 0.731243, 0.0, 0.0, 0.0, 1.0],
                [0.962859, -0.011225, 0.26977, -0.058326, 0.26993, 0.016608, -0.962737, 0.269933, 0.006327, 0.999799, 0.019021, 0.731243, 0.0, 0.0, 0.0, 1.0],
                [0.962859, -0.011225, 0.26977, -0.058326, 0.26993, 0.016608, -0.962737, 0.269933, 0.006327, 0.999799, 0.019021, 0.731243, 0.0, 0.0, 0.0, 1.0],
                [0.962859, -0.011225, 0.26977, -0.058326, 0.26993, 0.016608, -0.962737, 0.269933, 0.006327, 0.999799, 0.019021, 0.731243, 0.0, 0.0, 0.0, 1.0]
            ]
        },
        {
            "name": "Thigh_R",
            "time": [0.0, 0.0167, 0.0333, 0.05, 0.0667, 0.0833, 0.1, 0.1167, 0.1333, 0.15, 0.1667, 0.1833, 0.2, 0.2167, 0.2333, 0.25, 0.2667, 0.2833, 0.3, 0.3167, 0.3333, 0.35, 0.3667, 0.3833, 0.4, 0.4167, 0.4333, 0.45, 0.4667, 0.4833, 0.5, 0.5167, 0.5333, 0.55, 0.5667, 0.5833, 0.6, 0.6167, 0.6333, 0.65, 0.6667, 0.6833, 0.7, 0.7167, 0.7333, 0.75, 0.7667, 0.7833, 0.8, 0.8167, 0.8333, 0.85, 0.8667, 0.8833, 0.9, 0.9167, 0.9333, 0.95, 0.9667, 0.9833, 1.0, 1.0167, 1.0333, 1.05, 1.0667, 1.0833, 1.1, 1.1167, 1.1333, 1.15, 1.1667, 1.1833, 1.2, 1.2167, 1.2333, 1.25, 1.2667, 1.2833, 1.3, 1.3167, 1.3333, 1.35, 1.3667, 1.3833, 1.4, 1.4167, 1.4333, 1.45, 1.4667, 1.4833, 1.5],
            "transform": [
                [0.881086, 0.303775, 0.362501, 0.124994, 0.175235, -0.921584, 0.346368, -0.002831, 0.439295, -0.241657, -0.865229, -1.2e-05, 0.0, 0.0, 0.0, 1.0],
                [0.873661, 0.319528, 0.366902, 0.124994, 0.175218, -0.910146, 0.375408, -0.002831, 0.453889, -0.26369, -0.851148, -1.2e-05, 0.0, 0.0, 0.0, 1.0],
                [0.850793, 0.363496, 0.3795, 0.124994, 0.175238, -0.877079, 0.447234, -0.002831, 0.495421, -0.314, -0.809914, -1.2e-05, 0.0, 0.0, 0.0, 1.0],
                [0.819068, 0.416896, 0.394113, 0.124994, 0.176147, -0.836537, 0.51882, -0.002831, 0.545985, -0.355526, -0.758617, -1.2e-05, 0.0, 0.0, 0.0, 1.0],
                [0.791477, 0.45706, 0.405781, 0.124994, 0.180231, -0.80892, 0.559608, -0.002831, 0.58402, -0.369782, -0.722621, -1.2e-05, 0.0, 0.0, 0.0, 1.0],
                [0.764888, 0.488071, 0.420393, 0.124994, 0.190412, -0.794765, 0.57627, -0.002831, 0.615376, -0.360733, -0.700844, -1.2e-05, 0.0, 0.0, 0.0, 1.0],
                [0.738772, 0.511839, 0.438447, 0.124994, 0.205842, -0.790833, 0.576376, -0.002831, 0.641751, -0.335559, -0.689605, -1.2e-05, 0.0, 0.0, 0.0, 1.0],
                [0.729339, 0.517011, 0.448066, 0.124994, 0.216999, -0.795919, 0.565174, -0.002831, 0.648827, -0.314973, -0.692687, -1.2e-05, 0.0, 0.0, 0.0, 1.0],
                [0.785052, 0.470644, 0.402723, 0.124994, 0.194451, -0.804533, 0.561171, -0.002831, 0.588117, -0.362238, -0.723119, -1.2e-05, 0.0, 0.0, 0.0, 1.0],
                [0.864739, 0.367307, 0.342507, 0.124994, 0.136179, -0.82792, 0.544058, -0.002831, 0.483406, -0.423824, -0.765957, -1.2e-05, 0.0, 0.0, 0.0, 1.0],
                [0.913209, 0.248266, 0.323129, 0.124994, 0.065289, -0.871871, 0.485361, -0.002831, 0.402226, -0.422138, -0.812412, -1.2e-05, 0.0, 0.0, 0.0, 1.0],
                [0.952424, 0.125373, 0.277791, 0.124994, 0.006842, -0.920032, 0.391776, -0.002831, 0.304696, -0.371236, -0.877122, -1.2e-05, 0.0, 0.0, 0.0, 1.0],
                [0.963738, 0.084371, 0.253159, 0.124994, -0.008962, -0.937928, 0.346707, -0.002831, 0.266698, -0.336403, -0.903164, -1.2e-05, 0.0, 0.0, 0.0, 1.0],
                [0.962047, 0.085978, 0.258983, 0.124994, -0.009531, -0.937898, 0.346774, -0.002831, 0.272716, -0.336081, -0.901485, -1.2e-05, 0.0, 0.0, 0.0, 1.0],
                [0.961307, 0.086759, 0.261459, 0.124994, -0.009774, -0.937769, 0.347116, -0.002831, 0.275304, -0.33624, -0.900638, -1.2e-05, 0.0, 0.0, 0.0, 1.0],
                [0.96156, 0.086692, 0.260547, 0.124994, -0.009686, -0.937554, 0.3477, -0.002831, 0.274421, -0.336858, -0.900677, -1.2e-05, 0.0, 0.0, 0.0, 1.0],
                [0.962645, 0.085888, 0.256783, 0.124994, -0.009319, -0.937284, 0.348437, -0.002831, 0.270606, -0.337813, -0.901473, -1.2e-05, 0.0, 0.0, 0.0, 1.0],
                [0.964192, 0.084621, 0.251341, 0.124994, -0.008788, -0.93701, 0.349185, -0.002831, 0.265058, -0.33889, -0.902717, -1.2e-05, 0.0, 0.0, 0.0, 1.0],
                [0.965763, 0.083255, 0.245701, 0.124994, -0.008238, -0.936783, 0.349806, -0.002831, 0.259292, -0.339853, -0.904028, -1.2e-05, 0.0, 0.0, 0.0, 1.0],
                [0.967013, 0.082113, 0.24113, 0.124994, -0.007792, -0.936638, 0.350207, -0.002831, 0.254608, -0.340532, -0.905103, -1.2e-05, 0.0, 0.0, 0.0, 1.0],
                [0.96775, 0.081401, 0.238396, 0.124994, -0.007525, -0.936587, 0.350349, -0.002831, 0.251798, -0.340843, -0.905772, -1.2e-05, 0.0, 0.0, 0.0, 1.0],
                [0.968032, 0.081106, 0.237349, 0.124994, -0.007423, -0.936596, 0.350325, -0.002831, 0.250714, -0.340887, -0.906056, -1.2e-05, 0.0, 0.0, 0.0, 1.0],
                [0.968007, 0.081097, 0.237454, 0.124994, -0.007433, -0.936646, 0.350193, -0.002831, 0.25081, -0.340753, -0.90608, -1.2e-05, 0.0, 0.0, 0.0, 1.0],
                [0.967804, 0.081226, 0.238236, 0.124994, -0.007509, -0.936757, 0.349894, -0.002831, 0.25159, -0.340417, -0.90599, -1.2e-05, 0.0, 0.0, 0.0, 1.0],
                [0.967655, 0.081244, 0.238837, 0.124994, -0.007567, -0.936948, 0.34938, -0.002831, 0.252163, -0.339885, -0.90603, -1.2e-05, 0.0, 0.0, 0.0, 1.0],
                [0.967815, 0.080887, 0.23831, 0.124994, -0.007516, -0.937226, 0.348637, -0.002831, 0.25155, -0.339206, -0.906455, -1.2e-05, 0.0, 0.0, 0.0, 1.0],
                [0.968448, 0.079994, 0.236025, 0.124994, -0.007293, -0.937579, 0.347691, -0.002831, 0.249105, -0.338441, -0.907416, -1.2e-05, 0.0, 0.0, 0.0, 1.0],
                [0.969591, 0.078533, 0.231786, 0.124994, -0.00688, -0.937989, 0.34659, -0.002831, 0.244632, -0.337644, -0.908928, -1.2e-05, 0.0, 0.0, 0.0, 1.0],
                [0.97113, 0.076554, 0.225933, 0.124994, -0.006414, -0.938385, 0.345529, -0.002831, 0.238464, -0.337001, -0.910805, -1.2e-05, 0.0, 0.0, 0.0, 1.0],
                [0.972941, 0.074108, 0.218847, 0.124994, -0.006026, -0.938703, 0.344667, -0.002831, 0.230975, -0.336659, -0.912858, -1.2e-05, 0.0, 0.0, 0.0, 1.0],
                [0.974968, 0.07124, 0.210622, 0.124994, -0.005709, -0.938945, 0.344012, -0.002831, 0.222271, -0.336602, -0.915038, -1.2e-05, 0.0, 0.0, 0.0, 1.0],
                [0.977153, 0.067995, 0.201363, 0.124994, -0.005447, -0.939116, 0.343551, -0.002831, 0.212464, -0.336798, -0.917293, -1.2e-05, 0.0, 0.0, 0.0, 1.0],
                [0.979438, 0.06443, 0.191178, 0.124994, -0.005218, -0.939221, 0.343269, -0.002831, 0.201676, -0.337207, -0.919574, -1.2e-05, 0.0, 0.0, 0.0, 1.0],
                [0.981763, 0.060608, 0.180187, 0.124994, -0.004992, -0.93927, 0.343137, -0.002831, 0.190041, -0.337778, -0.921841, -1.2e-05, 0.0, 0.0, 0.0, 1.0],
                [0.984072, 0.0566, 0.168517, 0.124994, -0.004733, -0.939277, 0.34312, -0.002831, 0.177705, -0.338451, -0.924051, -1.2e-05, 0.0, 0.0, 0.0, 1.0],
                [0.986312, 0.052488, 0.156305, 0.124994, -0.004399, -0.939261, 0.343168, -0.002831, 0.164824, -0.339158, -0.926177, -1.2e-05, 0.0, 0.0, 0.0, 1.0],
                [0.988439, 0.048357, 0.143695, 0.124994, -0.003946, -0.939244, 0.343223, -0.002831, 0.151562, -0.339821, -0.928197, -1.2e-05, 0.0, 0.0, 0.0, 1.0],
                [0.990414, 0.0443, 0.130833, 0.124994, -0.003327, -0.939247, 0.343222, -0.002831, 0.138089, -0.340366, -0.930097, -1.2e-05, 0.0, 0.0, 0.0, 1.0],
                [0.992207, 0.040411, 0.117865, 0.124994, -0.002499, -0.939298, 0.343089, -0.002831, 0.124575, -0.340709, -0.931879, -1.2e-05, 0.0, 0.0, 0.0, 1.0],
                [0.993798, 0.036783, 0.10493, 0.124994, -0.001419, -0.939421, 0.342757, -0.002831, 0.111182, -0.34078, -0.933545, -1.2e-05, 0.0, 0.0, 0.0, 1.0],
                [0.99518, 0.033501, 0.09216, 0.124994, -5.4e-05, -0.939639, 0.34216, -0.002831, 0.09806, -0.340515, -0.935111, -1.2e-05, 0.0, 0.0, 0.0, 1.0],
                [0.99635, 0.030644, 0.07967, 0.124994, 0.001623, -0.93997, 0.341247, -0.002831, 0.085344, -0.339872, -0.93659, -1.2e-05, 0.0, 0.0, 0.0, 1.0],
                [0.997314, 0.028274, 0.067558, 0.124994, 0.003632, -0.940425, 0.339975, -0.002831, 0.073146, -0.338815, -0.938004, -1.2e-05, 0.0, 0.0, 0.0, 1.0],
                [0.998085, 0.02644, 0.055908, 0.124994, 0.005977, -0.941009, 0.338324, -0.002831, 0.061555, -0.337341, -0.939368, -1.2e-05, 0.0, 0.0, 0.0, 1.0],
                [0.998679, 0.025175, 0.044783, 0.124994, 0.008659, -0.941715, 0.336295, -0.002831, 0.050639, -0.335462, -0.940691, -1.2e-05, 0.0, 0.0, 0.0, 1.0],
                [0.999113, 0.024494, 0.034233, 0.124994, 0.011666, -0.942529, 0.333915, -0.002831, 0.040445, -0.333219, -0.941981, -1.2e-05, 0.0, 0.0, 0.0, 1.0],
                [0.999407, 0.024396, 0.024295, 0.124994, 0.014978, -0.943428, 0.331231, -0.002831, 0.031001, -0.33067, -0.943237, -1.2e-05, 0.0, 0.0, 0.0, 1.0],
                [0.999578, 0.024868, 0.014992, 0.124994, 0.018571, -0.944383, 0.32832, -0.002831, 0.022323, -0.327903, -0.944447, -1.2e-05, 0.0, 0.0, 0.0, 1.0],
                [0.999644, 0.025884, 0.006343, 0.124994, 0.022414, -0.945352, 0.325276, -0.002831, 0.014416, -0.325017, -0.945598, -1.2e-05, 0.0, 0.0, 0.0, 1.0],
                [0.999622, 0.027406, -0.001642, 0.124994, 0.026474, -0.946299, 0.322203, -0.002831, 0.007277, -0.322125, -0.946668, -1.2e-05, 0.0, 0.0, 0.0, 1.0],
                [0.999528, 0.029392, -0.008956, 0.124994, 0.030713, -0.947173, 0.319243, -0.002831, 0.0009, -0.319367, -0.94763, -1.2e-05, 0.0, 0.0, 0.0, 1.0],
                [0.999372, 0.03179, -0.015596, 0.124994, 0.035094, -0.94793, 0.316532, -0.002831, -0.004721, -0.316881, -0.948452, -1.2e-05, 0.0, 0.0, 0.0, 1.0],
                [0.999179, 0.035019, -0.020344, 0.124994, 0.039642, -0.948505, 0.314264, -0.002831, -0.008291, -0.314811, -0.949117, -1.2e-05, 0.0, 0.0, 0.0, 1.0],
                [0.998978, 0.039533, -0.021916, 0.124994, 0.044407, -0.948837, 0.312624, -0.002831, -0.008435, -0.313277, -0.949625, -1.2e-05, 0.0, 0.0, 0.0, 1.0],
                [0.998766, 0.045343, -0.020233, 0.124994, 0.049394, -0.9489, 0.311681, -0.002831, -0.005067, -0.312295, -0.949971, -1.2e-05, 0.0, 0.0, 0.0, 1.0],
                [0.998506, 0.052465, -0.015262, 0.124994, 0.054608, -0.948668, 0.311519, -0.002831, 0.001865, -0.311887, -0.950117, -1.2e-05, 0.0, 0.0, 0.0, 1.0],
                [0.998118, 0.060912, -0.007018, 0.124994, 0.060057, -0.948135, 0.312137, -0.002831, 0.012359, -0.311971, -0.950011, -1.2e-05, 0.0, 0.0, 0.0, 1.0],
                [0.997488, 0.070696, 0.004421, 0.124994, 0.06575, -0.947299, 0.313525, -0.002831, 0.026353, -0.312445, -0.94957, -1.2e-05, 0.0, 0.0, 0.0, 1.0],
                [0.996468, 0.081809, 0.01891, 0.124994, 0.071693, -0.946183, 0.315586, -0.002831, 0.04371, -0.313115, -0.948708, -1.2e-05, 0.0, 0.0, 0.0, 1.0],
                [0.994892, 0.094214, 0.036227, 0.124994, 0.077886, -0.944815, 0.318202, -0.002831, 0.064207, -0.313755, -0.94733, -1.2e-05, 0.0, 0.0, 0.0, 1.0],
                [0.992586, 0.107831, 0.05607, 0.124994, 0.084325, -0.943239, 0.321223, -0.002831, 0.087525, -0.314113, -0.945342, -1.2e-05, 0.0, 0.0, 0.0, 1.0],
                [0.989391, 0.122523, 0.07806, 0.124994, 0.090993, -0.941504, 0.324479, -0.002831, 0.113251, -0.313933, -0.942667, -1.2e-05, 0.0, 0.0, 0.0, 1.0],
                [0.985178, 0.138096, 0.101752, 0.124994, 0.097861, -0.939663, 0.327799, -0.002831, 0.140881, -0.312981, -0.939251, -1.2e-05, 0.0, 0.0, 0.0, 1.0],
                [0.979874, 0.154299, 0.126638, 0.124994, 0.104883, -0.937763, 0.331054, -0.002831, 0.169838, -0.311109, -0.935074, -1.2e-05, 0.0, 0.0, 0.0, 1.0],
                [0.973476, 0.170831, 0.152183, 0.124994, 0.112, -0.935856, 0.334102, -0.002831, 0.199497, -0.308195, -0.930169, -1.2e-05, 0.0, 0.0, 0.0, 1.0],
                [0.966057, 0.187367, 0.177838, 0.124994, 0.119136, -0.933986, 0.336859, -0.002831, 0.229214, -0.304238, -0.924608, -1.2e-05, 0.0, 0.0, 0.0, 1.0],
                [0.957768, 0.203569, 0.20307, 0.124994, 0.126203, -0.932187, 0.339255, -0.002831, 0.258362, -0.299299, -0.918514, -1.2e-05, 0.0, 0.0, 0.0, 1.0],
                [0.94883, 0.219125, 0.227387, 0.124994, 0.133106, -0.930491, 0.341269, -0.002831, 0.286363, -0.293539, -0.912047, -1.2e-05, 0.0, 0.0, 0.0, 1.0],
                [0.939511, 0.233753, 0.250358, 0.124994, 0.139746, -0.92892, 0.342892, -0.002831, 0.312715, -0.287163, -0.905398, -1.2e-05, 0.0, 0.0, 0.0, 1.0],
                [0.930107, 0.247222, 0.271626, 0.124994, 0.146026, -0.92749, 0.344141, -0.002831, 0.33701, -0.280423, -0.898769, -1.2e-05, 0.0, 0.0, 0.0, 1.0],
                [0.920924, 0.259363, 0.290912, 0.124994, 0.151855, -0.926215, 0.345053, -0.002831, 0.358942, -0.27359, -0.89236, -1.2e-05, 0.0, 0.0, 0.0, 1.0],
                [0.912244, 0.270065, 0.308016, 0.124994, 0.157153, -0.925097, 0.345681, -0.002831, 0.378302, -0.266939, -0.886358, -1.2e-05, 0.0, 0.0, 0.0, 1.0],
                [0.904323, 0.279266, 0.322812, 0.124994, 0.161851, -0.92414, 0.346073, -0.002831, 0.39497, -0.260714, -0.880923, -1.2e-05, 0.0, 0.0, 0.0, 1.0],
                [0.897371, 0.286952, 0.335234, 0.124994, 0.165894, -0.923341, 0.34629, -0.002831, 0.408905, -0.255136, -0.876186, -1.2e-05, 0.0, 0.0, 0.0, 1.0],
                [0.891548, 0.293141, 0.345268, 0.124994, 0.16924, -0.922697, 0.346386, -0.002831, 0.420119, -0.250386, -0.872242, -1.2e-05, 0.0, 0.0, 0.0, 1.0],
                [0.886964, 0.297868, 0.352944, 0.124994, 0.17186, -0.922205, 0.346408, -0.00283, 0.428671, -0.246594, -0.869155, -1.2e-05, 0.0, 0.0, 0.0, 1.0],
                [0.883684, 0.301182, 0.358318, 0.124994, 0.173736, -0.921858, 0.346395, -0.002831, 0.434648, -0.24385, -0.866959, -1.2e-05, 0.0, 0.0, 0.0, 1.0],
                [0.881729, 0.303134, 0.361473, 0.124994, 0.174861, -0.921653, 0.346375, -0.002831, 0.438152, -0.242201, -0.865656, -1.2e-05, 0.0, 0.0, 0.0, 1.0],
                [0.881086, 0.303775, 0.362501, 0.124994, 0.175235, -0.921584, 0.346368, -0.002831, 0.439295, -0.241657, -0.865229, -1.2e-05, 0.0, 0.0, 0.0, 1.0],
                [0.881086, 0.303775, 0.362501, 0.124994, 0.175235, -0.921584, 0.346368, -0.002831, 0.439295, -0.241657, -0.865229, -1.2e-05, 0.0, 0.0, 0.0, 1.0],
                [0.881086, 0.303775, 0.362501, 0.124994, 0.175235, -0.921584, 0.346368, -0.002831, 0.439295, -0.241657, -0.865229, -1.2e-05, 0.0, 0.0, 0.0, 1.0],
                [0.881086, 0.303775, 0.362501, 0.124994, 0.175235, -0.921584, 0.346368, -0.002831, 0.439295, -0.241657, -0.865229, -1.2e-05, 0.0, 0.0, 0.0, 1.0],
                [0.881086, 0.303775, 0.362501, 0.124994, 0.175235, -0.921584, 0.346368, -0.002831, 0.439295, -0.241657, -0.865229, -1.2e-05, 0.0, 0.0, 0.0, 1.0],
                [0.881086, 0.303775, 0.362501, 0.124994, 0.175235, -0.921584, 0.346368, -0.002831, 0.439295, -0.241657, -0.865229, -1.2e-05, 0.0, 0.0, 0.0, 1.0],
                [0.881086, 0.303775, 0.362501, 0.124994, 0.175235, -0.921584, 0.346368, -0.002831, 0.439295, -0.241657, -0.865229, -1.2e-05, 0.0, 0.0, 0.0, 1.0],
                [0.881086, 0.303775, 0.362501, 0.124994, 0.175235, -0.921584, 0.346368, -0.002831, 0.439295, -0.241657, -0.865229, -1.2e-05, 0.0, 0.0, 0.0, 1.0],
                [0.881086, 0.303775, 0.362501, 0.124994, 0.175235, -0.921584, 0.346368, -0.002831, 0.439295, -0.241657, -0.865229, -1.2e-05, 0.0, 0.0, 0.0, 1.0],
                [0.881086, 0.303775, 0.362501, 0.124994, 0.175235, -0.921584, 0.346368, -0.002831, 0.439295, -0.241657, -0.865229, -1.2e-05, 0.0, 0.0, 0.0, 1.0],
                [0.881086, 0.303775, 0.362501, 0.124994, 0.175235, -0.921584, 0.346368, -0.002831, 0.439295, -0.241657, -0.865229, -1.2e-05, 0.0, 0.0, 0.0, 1.0],
                [0.881086, 0.303775, 0.362501, 0.124994, 0.175235, -0.921584, 0.346368, -0.002831, 0.439295, -0.241657, -0.865229, -1.2e-05, 0.0, 0.0, 0.0, 1.0],
                [0.881086, 0.303775, 0.362501, 0.124994, 0.175235, -0.921584, 0.346368, -0.002831, 0.439295, -0.241657, -0.865229, -1.2e-05, 0.0, 0.0, 0.0, 1.0]
            ]
        },
        {
            "name": "Leg_R",
            "time": [0.0, 0.0167, 0.0333, 0.05, 0.0667, 0.0833, 0.1, 0.1167, 0.1333, 0.15, 0.1667, 0.1833, 0.2, 0.2167, 0.2333, 0.25, 0.2667, 0.2833, 0.3, 0.3167, 0.3333, 0.35, 0.3667, 0.3833, 0.4, 0.4167, 0.4333, 0.45, 0.4667, 0.4833, 0.5, 0.5167, 0.5333, 0.55, 0.5667, 0.5833, 0.6, 0.6167, 0.6333, 0.65, 0.6667, 0.6833, 0.7, 0.7167, 0.7333, 0.75, 0.7667, 0.7833, 0.8, 0.8167, 0.8333, 0.85, 0.8667, 0.8833, 0.9, 0.9167, 0.9333, 0.95, 0.9667, 0.9833, 1.0, 1.0167, 1.0333, 1.05, 1.0667, 1.0833, 1.1, 1.1167, 1.1333, 1.15, 1.1667, 1.1833, 1.2, 1.2167, 1.2333, 1.25, 1.2667, 1.2833, 1.3, 1.3167, 1.3333, 1.35, 1.3667, 1.3833, 1.4, 1.4167, 1.4333, 1.45, 1.4667, 1.4833, 1.5],
            "transform": [
                [1.0, 0.0, 1e-06, 0.0, -0.0, 0.957377, 0.288842, 0.37472, -1e-06, -0.288842, 0.957377, 0.0, 0.0, 0.0, 0.0, 1.0],
                [1.0, -0.0, 1e-06, 0.0, -0.0, 0.946203, 0.323574, 0.37472, -1e-06, -0.323575, 0.946202, -0.0, 0.0, 0.0, 0.0, 1.0],
                [1.0, -0.0, 1e-06, 0.0, -0.0, 0.913311, 0.407265, 0.37472, -1e-06, -0.407266, 0.913309, -0.0, 0.0, 0.0, 0.0, 1.0],
                [1.0, -0.0, 1e-06, -0.0, -0.0, 0.870127, 0.492829, 0.37472, -1e-06, -0.492829, 0.870126, -0.0, 0.0, 0.0, 0.0, 1.0],
                [1.0, -0.0, 1e-06, 0.0, -0.0, 0.832071, 0.554671, 0.37472, -1e-06, -0.554671, 0.832071, 0.0, 0.0, 0.0, 0.0, 1.0],
                [1.0, -0.0, 1e-06, -0.0, -0.0, 0.795728, 0.605655, 0.37472, -1e-06, -0.605655, 0.795728, 0.0, 0.0, 0.0, 0.0, 1.0],
                [1.0, -0.0, 1e-06, -0.0, -0.0, 0.762878, 0.646543, 0.37472, -1e-06, -0.646543, 0.762878, -0.0, 0.0, 0.0, 0.0, 1.0],
                [1.0, -0.0, 1e-06, 0.0, -0.0, 0.74925, 0.662288, 0.37472, -1e-06, -0.662288, 0.74925, -0.0, 0.0, 0.0, 0.0, 1.0],
                [1.0, -0.0, 1e-06, 0.0, -0.0, 0.738066, 0.67473, 0.37472, -1e-06, -0.67473, 0.738066, 0.0, 0.0, 0.0, 0.0, 1.0],
                [1.0, -0.0, 1e-06, 0.0, -0.0, 0.729494, 0.683988, 0.37472, -1e-06, -0.683988, 0.729494, -0.0, 0.0, 0.0, 0.0, 1.0],
                [1.0, -0.0, 1e-06, 0.0, -0.0, 0.761131, 0.6486, 0.37472, -1e-06, -0.6486, 0.761131, 0.0, 0.0, 0.0, 0.0, 1.0],
                [1.0, -0.0, 1e-06, -0.0, -0.0, 0.831966, 0.554828, 0.37472, -1e-06, -0.554828, 0.831965, 0.0, 0.0, 0.0, 0.0, 1.0],
                [1.0, -0.0, 1e-06, -0.0, -0.0, 0.864814, 0.502094, 0.37472, -1e-06, -0.502095, 0.864813, -0.0, 0.0, 0.0, 0.0, 1.0],
                [1.0, -0.0, 1e-06, -0.0, -0.0, 0.864685, 0.502315, 0.37472, -1e-06, -0.502316, 0.864684, -0.0, 0.0, 0.0, 0.0, 1.0],
                [1.0, -0.0, 1e-06, -0.0, -0.0, 0.864303, 0.502973, 0.37472, -1e-06, -0.502973, 0.864302, -0.0, 0.0, 0.0, 0.0, 1.0],
                [1.0, -0.0, 1e-06, -0.0, -0.0, 0.863702, 0.504004, 0.37472, -1e-06, -0.504005, 0.863701, -0.0, 0.0, 0.0, 0.0, 1.0],
                [1.0, -0.0, 1e-06, 0.0, -0.0, 0.862969, 0.505258, 0.37472, -1e-06, -0.505259, 0.862968, 0.0, 0.0, 0.0, 0.0, 1.0],
                [1.0, -0.0, 1e-06, -0.0, -0.0, 0.862236, 0.506507, 0.37472, -1e-06, -0.506508, 0.862236, 0.0, 0.0, 0.0, 0.0, 1.0],
                [1.0, -0.0, 1e-06, 0.0, -0.0, 0.861635, 0.50753, 0.37472, -1e-06, -0.507531, 0.861634, -0.0, 0.0, 0.0, 0.0, 1.0],
                [1.0, -0.0, 1e-06, -0.0, -0.0, 0.861252, 0.508178, 0.37472, -1e-06, -0.508179, 0.861252, -0.0, 0.0, 0.0, 0.0, 1.0],
                [1.0, -0.0, 1e-06, 0.0, -0.0, 0.861125, 0.508395, 0.37472, -1e-06, -0.508395, 0.861124, 0.0, 0.0, 0.0, 0.0, 1.0],
                [1.0, -0.0, 1e-06, 0.0, -0.0, 0.861159, 0.508338, 0.37472, -1e-06, -0.508338, 0.861158, 0.0, 0.0, 0.0, 0.0, 1.0],
                [1.0, -0.0, 1e-06, 0.0, -0.0, 0.861297, 0.508102, 0.37472, -1e-06, -0.508102, 0.861297, -0.0, 0.0, 0.0, 0.0, 1.0],
                [1.0, -0.0, 1e-06, 0.0, -0.0, 0.861606, 0.507578, 0.37472, -1e-06, -0.507578, 0.861606, -0.0, 0.0, 0.0, 0.0, 1.0],
                [1.0, -0.0, 1e-06, -0.0, -0.0, 0.862144, 0.506665, 0.37472, -1e-06, -0.506666, 0.862143, 0.0, 0.0, 0.0, 0.0, 1.0],
                [1.0, -0.0, 1e-06, -0.0, -0.0, 0.862929, 0.505327, 0.37472, -1e-06, -0.505327, 0.862928, -0.0, 0.0, 0.0, 0.0, 1.0],
                [1.0, -0.0, 1e-06, 0.0, -0.0, 0.863937, 0.503601, 0.37472, -1e-06, -0.503601, 0.863936, 0.0, 0.0, 0.0, 0.0, 1.0],
                [1.0, -0.0, 1e-06, 0.0, -0.0, 0.865118, 0.501569, 0.37472, -1e-06, -0.501569, 0.865117, 0.0, 0.0, 0.0, 0.0, 1.0],
                [1.0, -0.0, 1e-06, -0.0, -0.0, 0.866582, 0.499036, 0.37472, -1e-06, -0.499036, 0.866581, -0.0, 0.0, 0.0, 0.0, 1.0],
                [1.0, -0.0, 1e-06, 0.0, -0.0, 0.868486, 0.495714, 0.37472, -1e-06, -0.495714, 0.868485, 0.0, 0.0, 0.0, 0.0, 1.0],
                [1.0, -0.0, 1e-06, -0.0, -0.0, 0.870837, 0.491574, 0.37472, -1e-06, -0.491575, 0.870836, 0.0, 0.0, 0.0, 0.0, 1.0],
                [1.0, -0.0, 1e-06, 0.0, -0.0, 0.873643, 0.486568, 0.37472, -1e-06, -0.486569, 0.873642, -0.0, 0.0, 0.0, 0.0, 1.0],
                [1.0, -0.0, 1e-06, -0.0, -0.0, 0.876911, 0.480655, 0.37472, -1e-06, -0.480656, 0.876909, -0.0, 0.0, 0.0, 0.0, 1.0],
                [1.0, -0.0, 1e-06, 0.0, -0.0, 0.880641, 0.473786, 0.37472, -1e-06, -0.473787, 0.88064, 0.0, 0.0, 0.0, 0.0, 1.0],
                [1.0, -0.0, 1e-06, 0.0, -0.0, 0.884825, 0.465924, 0.37472, -1e-06, -0.465925, 0.884824, 0.0, 0.0, 0.0, 0.0, 1.0],
                [1.0, -0.0, 1e-06, 0.0, -0.0, 0.88945, 0.457034, 0.37472, -1e-06, -0.457035, 0.889449, -0.0, 0.0, 0.0, 0.0, 1.0],
                [1.0, -0.0, 1e-06, -0.0, -0.0, 0.894488, 0.447093, 0.37472, -1e-06, -0.447094, 0.894487, 0.0, 0.0, 0.0, 0.0, 1.0],
                [1.000001, -0.0, 1e-06, -0.0, -0.0, 0.899896, 0.436106, 0.37472, -1e-06, -0.436106, 0.899895, -0.0, 0.0, 0.0, 0.0, 1.0],
                [1.0, -0.0, 1e-06, 0.0, -0.0, 0.905626, 0.42408, 0.37472, -1e-06, -0.42408, 0.905624, -0.0, 0.0, 0.0, 0.0, 1.0],
                [1.0, -0.0, 1e-06, 0.0, -0.0, 0.911605, 0.411068, 0.37472, -1e-06, -0.411069, 0.911604, -0.0, 0.0, 0.0, 0.0, 1.0],
                [1.0, 0.0, 1e-06, 0.0, -0.0, 0.917756, 0.397147, 0.37472, -1e-06, -0.397148, 0.917755, 0.0, 0.0, 0.0, 0.0, 1.0],
                [1.0, -0.0, 1e-06, 0.0, -0.0, 0.923984, 0.382433, 0.37472, -1e-06, -0.382434, 0.923983, 0.0, 0.0, 0.0, 0.0, 1.0],
                [1.0, -0.0, 1e-06, -0.0, -0.0, 0.930197, 0.367063, 0.37472, -1e-06, -0.367063, 0.930196, 0.0, 0.0, 0.0, 0.0, 1.0],
                [1.0, -0.0, 1e-06, 0.0, -0.0, 0.936297, 0.351212, 0.37472, -1e-06, -0.351212, 0.936295, -0.0, 0.0, 0.0, 0.0, 1.0],
                [1.0, -0.0, 1e-06, 0.0, -0.0, 0.94219, 0.335082, 0.37472, -1e-06, -0.335082, 0.942188, 0.0, 0.0, 0.0, 0.0, 1.0],
                [1.0, -0.0, 1e-06, 0.0, -0.0, 0.947786, 0.318908, 0.37472, -1e-06, -0.318909, 0.947785, 0.0, 0.0, 0.0, 0.0, 1.0],
                [1.0, -0.0, 1e-06, 0.0, -0.0, 0.953011, 0.302939, 0.37472, -1e-06, -0.302939, 0.953009, -0.0, 0.0, 0.0, 0.0, 1.0],
                [1.0, -0.0, 1e-06, -0.0, -0.0, 0.957793, 0.287459, 0.37472, -1e-06, -0.287459, 0.957792, 0.0, 0.0, 0.0, 0.0, 1.0],
                [1.0, 0.0, 1e-06, 0.0, -0.0, 0.962083, 0.272759, 0.37472, -1e-06, -0.27276, 0.962081, -0.0, 0.0, 0.0, 0.0, 1.0],
                [1.0, 0.0, 1e-06, -0.0, -0.0, 0.965842, 0.259132, 0.37472, -1e-06, -0.259132, 0.965841, -0.0, 0.0, 0.0, 0.0, 1.0],
                [1.0, 0.0, 1e-06, -0.0, -0.0, 0.969038, 0.246913, 0.37472, -1e-06, -0.246914, 0.969037, 0.0, 0.0, 0.0, 0.0, 1.0],
                [1.0, 0.0, 1e-06, -0.0, -0.0, 0.971653, 0.236415, 0.37472, -1e-06, -0.236415, 0.971651, 0.0, 0.0, 0.0, 0.0, 1.0],
                [1.0, 0.0, 1e-06, -0.0, -0.0, 0.973748, 0.227634, 0.37472, -1e-06, -0.227634, 0.973746, 0.0, 0.0, 0.0, 0.0, 1.0],
                [1.0, 0.0, 1e-06, 0.0, -0.0, 0.975372, 0.220571, 0.37472, -1e-06, -0.220571, 0.97537, 0.0, 0.0, 0.0, 0.0, 1.0],
                [1.0, 0.0, 1e-06, 0.0, -0.0, 0.976527, 0.215396, 0.37472, -1e-06, -0.215396, 0.976526, 0.0, 0.0, 0.0, 0.0, 1.0],
                [1.0, 0.0, 1e-06, 0.0, -0.0, 0.977205, 0.212302, 0.37472, -1e-06, -0.212302, 0.977204, -0.0, 0.0, 0.0, 0.0, 1.0],
                [1.0, 0.0, 1e-06, -0.0, -0.0, 0.977421, 0.211304, 0.37472, -1e-06, -0.211304, 0.97742, -0.0, 0.0, 0.0, 0.0, 1.0],
                [1.0, 0.0, 1e-06, 0.0, -0.0, 0.977186, 0.212388, 0.37472, -1e-06, -0.212388, 0.977185, 0.0, 0.0, 0.0, 0.0, 1.0],
                [1.0, 0.0, 1e-06, 0.0, -0.0, 0.976537, 0.215351, 0.37472, -1e-06, -0.215351, 0.976536, 0.0, 0.0, 0.0, 0.0, 1.0],
                [1.0, 0.0, 1e-06, -0.0, -0.0, 0.975517, 0.219928, 0.37472, -1e-06, -0.219928, 0.975515, 0.0, 0.0, 0.0, 0.0, 1.0],
                [1.0, 0.0, 1e-06, 0.0, -0.0, 0.97418, 0.225774, 0.37472, -1e-06, -0.225775, 0.974179, -0.0, 0.0, 0.0, 0.0, 1.0],
                [1.0, 0.0, 1e-06, 0.0, -0.0, 0.972598, 0.232494, 0.37472, -1e-06, -0.232494, 0.972597, 0.0, 0.0, 0.0, 0.0, 1.0],
                [1.0, 0.0, 1e-06, 0.0, -0.0, 0.970854, 0.239674, 0.37472, -1e-06, -0.239674, 0.970853, -0.0, 0.0, 0.0, 0.0, 1.0],
                [1.0, 0.0, 1e-06, 0.0, -0.0, 0.96902, 0.246984, 0.37472, -1e-06, -0.246985, 0.969019, 0.0, 0.0, 0.0, 0.0, 1.0],
