{
    "animation": [
        {
            "name": "Root",
            "time": [0.0, 0.0167, 0.0333, 0.05, 0.0667, 0.0833, 0.1, 0.1167, 0.1333, 0.15, 0.1667, 0.1833, 0.2, 0.2167, 0.2333, 0.25, 0.2667, 0.2833, 0.3, 0.3167, 0.3333, 0.35, 0.3667, 0.3833, 0.4, 0.4167, 0.4333, 0.45, 0.4667, 0.4833, 0.5, 0.5167, 0.5333, 0.55, 0.5667, 0.5833, 0.6, 0.6167, 0.6333, 0.65, 0.6667, 0.6833, 0.7, 0.7167, 0.7333, 0.75, 0.7667, 0.7833, 0.8, 0.8167, 0.8333, 0.85, 0.8667, 0.8833, 0.9, 0.9167, 0.9333, 0.95, 0.9667, 0.9833, 1.0, 1.0167, 1.0333, 1.05, 1.0667, 1.0833, 1.1, 1.1167, 1.1333, 1.15, 1.1667, 1.1833, 1.2, 1.2167, 1.2333, 1.25, 1.2667, 1.2833, 1.3, 1.3167, 1.3333, 1.35, 1.3667, 1.3833, 1.4, 1.4167, 1.4333, 1.45, 1.4667, 1.4833, 1.5, 1.5167, 1.5333, 1.55, 1.5667, 1.5833, 1.6, 1.6167, 1.6333, 1.65, 1.6667, 1.6833, 1.7, 1.7167, 1.7333, 1.75, 1.7667, 1.7833, 1.8, 1.8167, 1.8333, 1.85, 1.8667, 1.8833, 1.9, 1.9167, 1.9333, 1.95, 1.9667, 1.9833, 2.0, 2.0167, 2.0333, 2.05, 2.0667, 2.0833, 2.1, 2.1167, 2.1333, 2.15, 2.1667, 2.1833, 2.2, 2.2167, 2.2333, 2.25, 2.2667, 2.2833, 2.3, 2.3167, 2.3333, 2.35, 2.3667, 2.3833, 2.4, 2.4167, 2.4333, 2.45, 2.4667, 2.4833, 2.5, 2.5167, 2.5333, 2.55, 2.5667, 2.5833, 2.6, 2.6167, 2.6333, 2.65, 2.6667, 2.6833, 2.7, 2.7167, 2.7333, 2.75, 2.7667, 2.7833, 2.8, 2.8167, 2.8333, 2.85, 2.8667, 2.8833, 2.9, 2.9167, 2.9333, 2.95, 2.9667, 2.9833, 3.0, 3.0167, 3.0333, 3.05, 3.0667, 3.0833, 3.1, 3.1167, 3.1333, 3.15, 3.1667, 3.1833, 3.2, 3.2167, 3.2333, 3.25, 3.2667, 3.2833, 3.3, 3.3167, 3.3333, 3.35, 3.3667, 3.3833, 3.4, 3.4167, 3.4333, 3.45, 3.4667, 3.4833, 3.5, 3.5167, 3.5333, 3.55, 3.5667, 3.5833, 3.6, 3.6167, 3.6333, 3.65, 3.6667, 3.6833, 3.7, 3.7167, 3.7333, 3.75, 3.7667, 3.7833, 3.8, 3.8167, 3.8333, 3.85, 3.8667, 3.8833],
            "transform": [
                [0.599394, -0.032653, 0.799788, -0.083568, 0.800445, 0.019537, -0.599088, 0.019497, 0.003936, 0.999276, 0.037848, 0.560251, 0.0, 0.0, 0.0, 1.0],
                [0.631607, -0.032653, 0.774601, -0.094327, 0.775269, 0.019537, -0.631329, 0.063439, 0.005481, 0.999276, 0.037655, 0.552256, 0.0, 0.0, 0.0, 1.0],
                [0.720358, -0.032653, 0.692833, -0.122471, 0.693531, 0.019537, -0.720162, 0.191642, 0.009979, 0.999276, 0.03672, 0.52893, 0.0, 0.0, 0.0, 1.0],
                [0.819586, -0.032653, 0.572025, -0.150615, 0.572745, 0.019537, -0.819501, 0.355631, 0.015583, 0.999276, 0.034715, 0.499092, 0.0, 0.0, 0.0, 1.0],
                [0.886224, -0.032653, 0.462105, -0.161374, 0.462829, 0.019537, -0.886232, 0.489911, 0.01991, 0.999276, 0.032427, 0.47466, 0.0, 0.0, 0.0, 1.0],
                [0.928479, -0.032648, 0.369948, -0.142974, 0.370667, 0.019536, -0.92856, 0.616743, 0.023088, 0.999276, 0.03024, 0.451583, 0.0, 0.0, 0.0, 1.0],
                [0.958915, -0.032642, 0.281808, -0.103599, 0.282516, 0.019533, -0.959064, 0.738694, 0.025801, 0.999276, 0.027952, 0.429394, 0.0, 0.0, 0.0, 1.0],
                [0.978868, -0.032653, 0.201868, -0.085198, 0.202562, 0.019537, -0.979074, 0.783204, 0.028026, 0.999276, 0.025739, 0.421296, 0.0, 0.0, 0.0, 1.0],
                [0.990099, -0.032653, 0.136521, -0.085198, 0.1372, 0.019537, -0.990351, 0.780409, 0.029671, 0.999276, 0.023824, 0.516696, 0.0, 0.0, 0.0, 1.0],
                [0.998805, -0.032653, 0.036356, -0.085198, 0.037007, 0.019537, -0.999124, 0.765248, 0.031914, 0.999276, 0.020723, 0.531618, 0.0, 0.0, 0.0, 1.0],
                [0.999233, -0.032653, -0.021605, -0.052892, -0.020974, 0.019537, -0.999589, 0.751319, 0.033062, 0.999276, 0.018838, 0.560488, 0.0, 0.0, 0.0, 1.0],
                [0.999233, -0.032653, -0.021605, -0.049832, -0.020974, 0.019537, -0.999589, 0.746156, 0.033062, 0.999276, 0.018838, 0.57152, 0.0, 0.0, 0.0, 1.0],
                [0.999233, -0.032653, -0.021605, -0.047998, -0.020974, 0.019537, -0.999589, 0.742721, 0.033062, 0.999276, 0.018838, 0.578859, 0.0, 0.0, 0.0, 1.0],
                [0.999233, -0.032653, -0.021605, -0.047047, -0.020974, 0.019537, -0.999589, 0.740744, 0.033062, 0.999276, 0.018838, 0.583083, 0.0, 0.0, 0.0, 1.0],
                [0.999233, -0.032653, -0.021605, -0.046561, -0.020974, 0.019537, -0.999589, 0.739818, 0.033062, 0.999276, 0.018838, 0.585062, 0.0, 0.0, 0.0, 1.0],
                [0.999233, -0.032653, -0.021605, -0.046162, -0.020974, 0.019537, -0.999589, 0.739516, 0.033062, 0.999276, 0.018838, 0.585709, 0.0, 0.0, 0.0, 1.0],
                [0.999233, -0.032653, -0.021605, -0.045569, -0.020974, 0.019537, -0.999589, 0.739477, 0.033062, 0.999276, 0.018838, 0.58579, 0.0, 0.0, 0.0, 1.0],
                [0.999233, -0.032653, -0.021605, -0.045275, -0.020974, 0.019537, -0.999589, 0.739477, 0.033062, 0.999276, 0.018838, 0.581389, 0.0, 0.0, 0.0, 1.0],
                [0.999233, -0.032653, -0.021605, -0.04498, -0.020974, 0.019537, -0.999589, 0.739477, 0.033062, 0.999276, 0.018838, 0.562666, 0.0, 0.0, 0.0, 1.0],
                [0.964987, -0.032653, 0.260256, -0.022373, 0.260962, 0.019537, -0.965151, 0.919784, 0.02643, 0.999276, 0.027375, 0.522882, 0.0, 0.0, 0.0, 1.0],
                [0.618961, -0.032653, 0.784742, 0.024958, 0.785406, 0.019538, -0.618672, 1.305618, 0.00487, 0.999276, 0.037739, 0.471694, 0.0, 0.0, 0.0, 1.0],
                [0.373311, -0.032653, 0.927131, 0.046989, 0.927687, 0.019537, -0.372847, 1.485924, -0.005939, 0.999276, 0.037585, 0.450608, 0.0, 0.0, 0.0, 1.0],
                [0.375748, -0.032653, 0.926146, 0.046989, 0.926703, 0.019537, -0.375286, 1.48489, -0.00584, 0.999276, 0.037601, 0.45378, 0.0, 0.0, 0.0, 1.0],
                [0.382599, -0.032653, 0.923337, 0.046989, 0.923898, 0.019538, -0.38214, 1.481769, -0.005562, 0.999276, 0.037643, 0.462947, 0.0, 0.0, 0.0, 1.0],
                [0.391365, -0.032653, 0.919656, 0.046989, 0.920221, 0.019537, -0.390912, 1.477203, -0.005203, 0.999276, 0.037694, 0.475338, 0.0, 0.0, 0.0, 1.0],
                [0.398167, -0.032653, 0.916732, 0.046989, 0.9173, 0.019537, -0.397718, 1.472558, -0.004924, 0.999276, 0.037732, 0.486197, 0.0, 0.0, 0.0, 1.0],
                [0.400577, -0.032653, 0.915681, 0.046989, 0.916251, 0.019537, -0.400129, 1.468932, -0.004825, 0.999276, 0.037745, 0.492247, 0.0, 0.0, 0.0, 1.0],
                [0.400577, -0.032653, 0.915681, 0.046989, 0.916251, 0.019537, -0.400129, 1.465704, -0.004825, 0.999276, 0.037745, 0.495164, 0.0, 0.0, 0.0, 1.0],
                [0.400577, -0.032653, 0.915681, 0.046989, 0.916251, 0.019537, -0.400129, 1.462181, -0.004825, 0.999276, 0.037745, 0.497198, 0.0, 0.0, 0.0, 1.0],
                [0.400577, -0.032653, 0.915681, 0.046989, 0.916251, 0.019537, -0.400129, 1.459054, -0.004825, 0.999276, 0.037745, 0.498258, 0.0, 0.0, 0.0, 1.0],
                [0.400577, -0.032653, 0.915681, 0.046989, 0.916251, 0.019537, -0.400129, 1.457053, -0.004825, 0.999276, 0.037745, 0.498602, 0.0, 0.0, 0.0, 1.0],
                [0.400577, -0.032653, 0.915681, 0.046989, 0.916251, 0.019537, -0.400129, 1.456414, -0.004825, 0.999276, 0.037745, 0.498642, 0.0, 0.0, 0.0, 1.0],
                [0.400577, -0.032653, 0.915681, 0.046989, 0.916251, 0.019537, -0.400129, 1.456411, -0.004825, 0.999276, 0.037745, 0.498644, 0.0, 0.0, 0.0, 1.0],
                [0.400577, -0.032653, 0.915681, 0.046989, 0.916251, 0.019537, -0.400129, 1.456409, -0.004825, 0.999276, 0.037745, 0.498645, 0.0, 0.0, 0.0, 1.0],
                [0.400577, -0.032653, 0.915681, 0.046989, 0.916251, 0.019537, -0.400129, 1.456408, -0.004825, 0.999276, 0.037745, 0.498646, 0.0, 0.0, 0.0, 1.0],
                [0.400577, -0.032653, 0.915681, 0.046989, 0.916251, 0.019537, -0.400129, 1.456408, -0.004825, 0.999276, 0.037745, 0.498646, 0.0, 0.0, 0.0, 1.0],
                [0.400577, -0.032653, 0.915681, 0.046989, 0.916251, 0.019537, -0.400129, 1.456407, -0.004825, 0.999276, 0.037745, 0.498646, 0.0, 0.0, 0.0, 1.0],
                [0.400577, -0.032653, 0.915681, 0.046989, 0.916251, 0.019537, -0.400129, 1.45653, -0.004825, 0.999276, 0.037745, 0.498583, 0.0, 0.0, 0.0, 1.0],
                [0.400577, -0.032653, 0.915681, 0.046989, 0.916251, 0.019537, -0.400129, 1.456902, -0.004825, 0.999276, 0.037745, 0.498393, 0.0, 0.0, 0.0, 1.0],
                [0.400577, -0.032653, 0.915681, 0.046989, 0.916251, 0.019537, -0.400129, 1.457521, -0.004825, 0.999276, 0.037745, 0.498077, 0.0, 0.0, 0.0, 1.0],
                [0.400577, -0.032653, 0.915681, 0.046989, 0.916251, 0.019537, -0.400129, 1.458373, -0.004825, 0.999276, 0.037745, 0.497641, 0.0, 0.0, 0.0, 1.0],
                [0.400577, -0.032653, 0.915681, 0.046989, 0.916251, 0.019537, -0.400129, 1.459433, -0.004825, 0.999276, 0.037745, 0.4971, 0.0, 0.0, 0.0, 1.0],
                [0.400577, -0.032653, 0.915681, 0.046989, 0.916251, 0.019537, -0.400129, 1.460657, -0.004825, 0.999276, 0.037745, 0.496475, 0.0, 0.0, 0.0, 1.0],
                [0.400577, -0.032653, 0.915681, 0.046989, 0.916251, 0.019537, -0.400129, 1.461986, -0.004825, 0.999276, 0.037745, 0.495795, 0.0, 0.0, 0.0, 1.0],
                [0.400577, -0.032653, 0.915681, 0.046989, 0.916251, 0.019537, -0.400129, 1.463353, -0.004825, 0.999276, 0.037745, 0.495097, 0.0, 0.0, 0.0, 1.0],
                [0.400577, -0.032653, 0.915681, 0.046989, 0.916251, 0.019537, -0.400129, 1.464683, -0.004825, 0.999276, 0.037745, 0.494418, 0.0, 0.0, 0.0, 1.0],
                [0.400577, -0.032653, 0.915681, 0.046989, 0.916251, 0.019537, -0.400129, 1.465907, -0.004825, 0.999276, 0.037745, 0.493793, 0.0, 0.0, 0.0, 1.0],
                [0.400577, -0.032653, 0.915681, 0.046989, 0.916251, 0.019537, -0.400129, 1.466966, -0.004825, 0.999276, 0.037745, 0.493251, 0.0, 0.0, 0.0, 1.0],
                [0.400577, -0.032653, 0.915681, 0.046989, 0.916251, 0.019537, -0.400129, 1.467819, -0.004825, 0.999276, 0.037745, 0.492816, 0.0, 0.0, 0.0, 1.0],
                [0.400577, -0.032653, 0.915681, 0.046989, 0.916251, 0.019537, -0.400129, 1.468437, -0.004825, 0.999276, 0.037745, 0.4925, 0.0, 0.0, 0.0, 1.0],
                [0.400577, -0.032653, 0.915681, 0.046989, 0.916251, 0.019537, -0.400129, 1.468809, -0.004825, 0.999276, 0.037745, 0.49231, 0.0, 0.0, 0.0, 1.0],
                [0.400577, -0.032653, 0.915681, 0.046989, 0.916251, 0.019537, -0.400129, 1.468932, -0.004825, 0.999276, 0.037745, 0.492247, 0.0, 0.0, 0.0, 1.0],
                [0.400577, -0.032653, 0.915681, 0.046989, 0.916251, 0.019537, -0.400129, 1.468691, -0.004825, 0.999276, 0.037745, 0.493306, 0.0, 0.0, 0.0, 1.0],
                [0.400577, -0.032653, 0.915681, 0.046989, 0.916251, 0.019537, -0.400129, 1.467935, -0.004825, 0.999276, 0.037745, 0.496507, 0.0, 0.0, 0.0, 1.0],
                [0.400577, -0.032653, 0.915681, 0.046989, 0.916251, 0.019537, -0.400129, 1.466631, -0.004825, 0.999276, 0.037745, 0.501778, 0.0, 0.0, 0.0, 1.0],
                [0.400577, -0.032653, 0.915681, 0.046989, 0.916251, 0.019537, -0.400129, 1.464776, -0.004825, 0.999276, 0.037745, 0.508839, 0.0, 0.0, 0.0, 1.0],
                [0.400577, -0.032653, 0.915681, 0.046989, 0.916251, 0.019537, -0.400129, 1.462417, -0.004825, 0.999276, 0.037745, 0.517166, 0.0, 0.0, 0.0, 1.0],
                [0.400577, -0.032653, 0.915681, 0.046989, 0.916251, 0.019537, -0.400129, 1.459655, -0.004825, 0.999276, 0.037745, 0.526018, 0.0, 0.0, 0.0, 1.0],
                [0.400577, -0.032653, 0.915681, 0.046989, 0.916251, 0.019537, -0.400129, 1.45663, -0.004825, 0.999276, 0.037745, 0.534563, 0.0, 0.0, 0.0, 1.0],
                [0.400577, -0.032653, 0.915681, 0.046989, 0.916251, 0.019537, -0.400129, 1.453497, -0.004825, 0.999276, 0.037745, 0.542041, 0.0, 0.0, 0.0, 1.0],
                [0.400577, -0.032653, 0.915681, 0.046989, 0.916251, 0.019537, -0.400129, 1.450393, -0.004825, 0.999276, 0.037745, 0.547899, 0.0, 0.0, 0.0, 1.0],
                [0.400577, -0.032653, 0.915681, 0.046989, 0.916251, 0.019537, -0.400129, 1.447422, -0.004825, 0.999276, 0.037745, 0.551825, 0.0, 0.0, 0.0, 1.0],
                [0.400577, -0.032653, 0.915681, 0.046989, 0.916251, 0.019537, -0.400129, 1.444647, -0.004825, 0.999276, 0.037745, 0.553711, 0.0, 0.0, 0.0, 1.0],
                [0.400577, -0.032653, 0.915681, 0.046989, 0.916249, 0.019887, -0.400116, 1.441792, -0.005146, 0.999269, 0.037885, 0.554555, 0.0, 0.0, 0.0, 1.0],
                [0.400577, -0.032653, 0.915681, 0.046989, 0.916243, 0.020946, -0.400076, 1.43856, -0.006116, 0.999247, 0.038308, 0.555344, 0.0, 0.0, 0.0, 1.0],
                [0.400577, -0.032653, 0.915681, 0.046989, 0.916231, 0.022711, -0.400007, 1.43497, -0.007735, 0.999209, 0.039015, 0.556071, 0.0, 0.0, 0.0, 1.0],
                [0.400577, -0.032653, 0.915681, 0.046989, 0.916209, 0.025161, -0.39991, 1.43106, -0.009981, 0.99915, 0.039996, 0.556731, 0.0, 0.0, 0.0, 1.0],
                [0.400577, -0.032653, 0.915681, 0.046989, 0.916174, 0.028243, -0.399785, 1.426885, -0.012807, 0.999068, 0.041229, 0.557318, 0.0, 0.0, 0.0, 1.0],
                [0.400577, -0.032653, 0.915681, 0.046989, 0.916121, 0.03187, -0.399633, 1.422526, -0.016134, 0.998958, 0.042681, 0.557828, 0.0, 0.0, 0.0, 1.0],
                [0.400577, -0.032653, 0.915681, 0.046989, 0.916048, 0.035921, -0.399456, 1.41808, -0.019849, 0.998821, 0.044301, 0.558259, 0.0, 0.0, 0.0, 1.0],
                [0.400577, -0.032653, 0.915681, 0.046989, 0.915954, 0.040241, -0.399261, 1.413666, -0.023811, 0.998656, 0.046028, 0.558612, 0.0, 0.0, 0.0, 1.0],
                [0.400577, -0.032653, 0.915681, 0.046989, 0.91584, 0.044654, -0.399054, 1.409407, -0.027858, 0.998469, 0.047792, 0.558891, 0.0, 0.0, 0.0, 1.0],
                [0.400577, -0.032653, 0.915681, 0.046989, 0.915711, 0.048972, -0.398843, 1.405429, -0.031819, 0.998266, 0.049518, 0.559102, 0.0, 0.0, 0.0, 1.0],
                [0.400577, -0.032653, 0.915682, 0.046989, 0.915574, 0.05302, -0.398639, 1.401839, -0.035533, 0.998059, 0.051135, 0.559254, 0.0, 0.0, 0.0, 1.0],
                [0.400577, -0.032653, 0.915681, 0.046989, 0.915439, 0.056644, -0.398451, 1.398725, -0.038857, 0.99786, 0.052582, 0.559357, 0.0, 0.0, 0.0, 1.0],
                [0.400577, -0.032653, 0.915681, 0.046989, 0.915315, 0.059721, -0.398287, 1.39615, -0.041681, 0.997681, 0.053811, 0.559421, 0.0, 0.0, 0.0, 1.0],
                [0.400577, -0.032653, 0.915681, 0.046989, 0.91521, 0.062167, -0.398154, 1.394149, -0.043925, 0.997531, 0.054787, 0.559458, 0.0, 0.0, 0.0, 1.0],
                [0.400577, -0.032653, 0.915681, 0.046989, 0.915131, 0.06393, -0.398056, 1.392735, -0.045542, 0.99742, 0.055491, 0.559475, 0.0, 0.0, 0.0, 1.0],
                [0.400577, -0.032653, 0.915681, 0.046989, 0.915082, 0.064986, -0.397997, 1.391901, -0.046511, 0.997352, 0.055912, 0.559481, 0.0, 0.0, 0.0, 1.0],
                [0.400577, -0.032653, 0.915681, 0.046989, 0.915066, 0.065335, -0.397978, 1.391628, -0.046831, 0.997329, 0.056051, 0.559482, 0.0, 0.0, 0.0, 1.0],
                [0.400577, -0.032653, 0.915681, 0.046989, 0.915066, 0.065335, -0.397978, 1.391628, -0.046831, 0.997329, 0.056051, 0.559482, 0.0, 0.0, 0.0, 1.0],
                [0.400577, -0.032653, 0.915681, 0.046989, 0.915066, 0.065335, -0.397978, 1.391628, -0.046831, 0.997329, 0.056051, 0.559482, 0.0, 0.0, 0.0, 1.0],
                [0.400577, -0.032653, 0.915681, 0.046989, 0.915066, 0.065335, -0.397978, 1.391628, -0.046831, 0.997329, 0.056051, 0.559482, 0.0, 0.0, 0.0, 1.0],
                [0.400577, -0.032653, 0.915681, 0.046989, 0.915066, 0.065335, -0.397978, 1.391628, -0.046831, 0.997329, 0.056051, 0.559482, 0.0, 0.0, 0.0, 1.0],
                [0.400577, -0.032653, 0.915681, 0.046989, 0.915066, 0.065335, -0.397978, 1.391628, -0.046831, 0.997329, 0.056051, 0.559482, 0.0, 0.0, 0.0, 1.0],
                [0.400577, -0.032653, 0.915681, 0.046989, 0.915066, 0.065335, -0.397978, 1.391628, -0.046831, 0.997329, 0.056051, 0.559482, 0.0, 0.0, 0.0, 1.0],
                [0.400577, -0.032653, 0.915681, 0.046989, 0.915066, 0.065335, -0.397978, 1.391628, -0.046831, 0.997329, 0.056051, 0.559482, 0.0, 0.0, 0.0, 1.0],
                [0.400577, -0.032653, 0.915681, 0.046989, 0.915066, 0.065335, -0.397978, 1.391628, -0.046831, 0.997329, 0.056051, 0.559482, 0.0, 0.0, 0.0, 1.0],
                [0.400577, -0.032653, 0.915681, 0.046989, 0.915066, 0.065335, -0.397978, 1.391628, -0.046831, 0.997329, 0.056051, 0.559482, 0.0, 0.0, 0.0, 1.0],
                [0.4231, -0.032653, 0.905495, 0.046989, 0.904943, 0.065335, -0.420486, 1.391628, -0.045431, 0.997329, 0.057192, 0.559482, 0.0, 0.0, 0.0, 1.0],
                [0.489768, -0.032653, 0.871241, 0.046989, 0.870888, 0.065335, -0.48712, 1.391628, -0.041017, 0.997329, 0.060436, 0.559482, 0.0, 0.0, 0.0, 1.0],
                [0.592616, -0.032653, 0.804823, 0.046989, 0.804796, 0.065335, -0.589945, 1.391628, -0.03332, 0.997329, 0.064998, 0.559482, 0.0, 0.0, 0.0, 1.0],
                [0.712228, -0.032653, 0.701188, 0.046989, 0.701582, 0.065335, -0.709587, 1.391628, -0.022642, 0.997329, 0.069442, 0.559482, 0.0, 0.0, 0.0, 1.0],
                [0.821832, -0.032653, 0.568794, 0.046989, 0.569635, 0.065335, -0.819297, 1.391628, -0.01041, 0.997329, 0.072295, 0.559482, 0.0, 0.0, 0.0, 1.0],
                [0.901313, -0.032653, 0.431936, 0.046989, 0.433167, 0.065335, -0.898942, 1.391628, 0.001133, 0.997329, 0.073032, 0.559482, 0.0, 0.0, 0.0, 1.0],
                [0.947362, -0.032653, 0.318496, 0.046989, 0.320007, 0.065335, -0.945159, 1.391628, 0.010053, 0.997329, 0.072345, 0.559482, 0.0, 0.0, 0.0, 1.0],
                [0.968566, -0.032653, 0.246605, 0.046989, 0.248277, 0.065335, -0.966483, 1.391628, 0.015447, 0.997329, 0.071389, 0.559482, 0.0, 0.0, 0.0, 1.0],
                [0.974368, -0.032653, 0.222576, 0.046989, 0.2243, 0.065335, -0.972328, 1.391628, 0.017207, 0.997329, 0.070985, 0.559482, 0.0, 0.0, 0.0, 1.0],
                [0.974368, -0.032653, 0.222576, 0.046989, 0.2243, 0.065335, -0.972328, 1.391628, 0.017207, 0.997329, 0.070985, 0.559477, 0.0, 0.0, 0.0, 1.0],
                [0.974368, -0.032653, 0.222576, 0.046989, 0.2243, 0.065335, -0.972328, 1.391628, 0.017207, 0.997329, 0.070985, 0.559464, 0.0, 0.0, 0.0, 1.0],
                [0.974368, -0.032653, 0.222576, 0.046989, 0.2243, 0.065335, -0.972328, 1.391628, 0.017207, 0.997329, 0.070985, 0.559442, 0.0, 0.0, 0.0, 1.0],
                [0.974368, -0.032653, 0.222576, 0.046989, 0.2243, 0.065335, -0.972328, 1.391628, 0.017207, 0.997329, 0.070985, 0.559411, 0.0, 0.0, 0.0, 1.0],
                [0.974368, -0.032653, 0.222576, 0.046989, 0.2243, 0.065335, -0.972328, 1.391628, 0.017207, 0.997329, 0.070985, 0.559371, 0.0, 0.0, 0.0, 1.0],
                [0.974368, -0.032653, 0.222576, 0.046989, 0.2243, 0.065335, -0.972328, 1.391628, 0.017207, 0.997329, 0.070985, 0.559322, 0.0, 0.0, 0.0, 1.0],
                [0.974368, -0.032653, 0.222576, 0.046989, 0.2243, 0.065335, -0.972328, 1.391628, 0.017207, 0.997329, 0.070985, 0.559263, 0.0, 0.0, 0.0, 1.0],
                [0.974368, -0.032653, 0.222576, 0.046989, 0.2243, 0.065335, -0.972328, 1.391628, 0.017207, 0.997329, 0.070985, 0.559197, 0.0, 0.0, 0.0, 1.0],
                [0.974368, -0.032653, 0.222576, 0.046989, 0.2243, 0.065335, -0.972328, 1.391628, 0.017207, 0.997329, 0.070985, 0.559121, 0.0, 0.0, 0.0, 1.0],
                [0.974368, -0.032653, 0.222576, 0.046989, 0.2243, 0.065335, -0.972328, 1.391628, 0.017207, 0.997329, 0.070985, 0.559038, 0.0, 0.0, 0.0, 1.0],
                [0.974368, -0.032653, 0.222576, 0.046989, 0.2243, 0.065335, -0.972328, 1.391628, 0.017207, 0.997329, 0.070985, 0.558946, 0.0, 0.0, 0.0, 1.0],
                [0.974368, -0.032653, 0.222576, 0.046989, 0.2243, 0.065335, -0.972328, 1.391628, 0.017207, 0.997329, 0.070985, 0.558846, 0.0, 0.0, 0.0, 1.0],
                [0.974368, -0.032653, 0.222576, 0.046989, 0.2243, 0.065335, -0.972328, 1.391628, 0.017207, 0.997329, 0.070985, 0.558739, 0.0, 0.0, 0.0, 1.0],
                [0.974368, -0.032653, 0.222576, 0.046989, 0.2243, 0.065335, -0.972328, 1.391628, 0.017207, 0.997329, 0.070985, 0.558625, 0.0, 0.0, 0.0, 1.0],
                [0.974368, -0.032653, 0.222576, 0.046989, 0.2243, 0.065335, -0.972328, 1.391628, 0.017207, 0.997329, 0.070985, 0.558504, 0.0, 0.0, 0.0, 1.0],
                [0.974368, -0.032653, 0.222576, 0.046989, 0.2243, 0.065335, -0.972328, 1.391628, 0.017207, 0.997329, 0.070985, 0.558378, 0.0, 0.0, 0.0, 1.0],
                [0.974368, -0.032653, 0.222576, 0.046989, 0.2243, 0.065335, -0.972328, 1.391628, 0.017207, 0.997329, 0.070985, 0.558247, 0.0, 0.0, 0.0, 1.0],
                [0.974368, -0.032653, 0.222576, 0.046989, 0.2243, 0.065335, -0.972328, 1.391628, 0.017207, 0.997329, 0.070985, 0.558112, 0.0, 0.0, 0.0, 1.0],
                [0.974368, -0.032653, 0.222576, 0.046989, 0.2243, 0.065335, -0.972328, 1.391628, 0.017207, 0.997329, 0.070985, 0.557973, 0.0, 0.0, 0.0, 1.0],
                [0.974368, -0.032653, 0.222576, 0.046989, 0.2243, 0.065335, -0.972328, 1.391628, 0.017207, 0.997329, 0.070985, 0.557831, 0.0, 0.0, 0.0, 1.0],
                [0.974368, -0.032653, 0.222576, 0.046989, 0.2243, 0.065335, -0.972328, 1.391628, 0.017207, 0.997329, 0.070985, 0.557688, 0.0, 0.0, 0.0, 1.0],
                [0.974368, -0.032653, 0.222576, 0.046989, 0.2243, 0.065335, -0.972328, 1.391628, 0.017207, 0.997329, 0.070985, 0.557543, 0.0, 0.0, 0.0, 1.0],
                [0.974368, -0.032653, 0.222576, 0.046989, 0.2243, 0.065335, -0.972328, 1.391628, 0.017207, 0.997329, 0.070985, 0.557399, 0.0, 0.0, 0.0, 1.0],
                [0.974368, -0.032653, 0.222576, 0.046989, 0.2243, 0.065335, -0.972328, 1.391628, 0.017207, 0.997329, 0.070985, 0.557255, 0.0, 0.0, 0.0, 1.0],
                [0.974368, -0.032653, 0.222576, 0.046989, 0.2243, 0.065335, -0.972328, 1.391628, 0.017207, 0.997329, 0.070985, 0.557114, 0.0, 0.0, 0.0, 1.0],
                [0.974368, -0.032653, 0.222576, 0.046989, 0.2243, 0.065335, -0.972328, 1.391628, 0.017207, 0.997329, 0.070985, 0.556975, 0.0, 0.0, 0.0, 1.0],
                [0.974368, -0.032653, 0.222576, 0.046989, 0.2243, 0.065335, -0.972328, 1.391628, 0.017207, 0.997329, 0.070985, 0.556839, 0.0, 0.0, 0.0, 1.0],
                [0.974368, -0.032653, 0.222576, 0.046989, 0.2243, 0.065335, -0.972328, 1.391628, 0.017207, 0.997329, 0.070985, 0.556708, 0.0, 0.0, 0.0, 1.0],
                [0.974368, -0.032653, 0.222576, 0.046989, 0.2243, 0.065335, -0.972328, 1.391628, 0.017207, 0.997329, 0.070985, 0.556582, 0.0, 0.0, 0.0, 1.0],
                [0.974368, -0.032653, 0.222576, 0.046989, 0.2243, 0.065335, -0.972328, 1.391628, 0.017207, 0.997329, 0.070985, 0.556462, 0.0, 0.0, 0.0, 1.0],
                [0.974368, -0.032653, 0.222576, 0.046989, 0.2243, 0.065335, -0.972328, 1.391628, 0.017207, 0.997329, 0.070985, 0.556348, 0.0, 0.0, 0.0, 1.0],
                [0.974368, -0.032653, 0.222576, 0.046989, 0.2243, 0.065335, -0.972328, 1.391628, 0.017207, 0.997329, 0.070985, 0.55624, 0.0, 0.0, 0.0, 1.0],
                [0.974368, -0.032653, 0.222576, 0.046989, 0.2243, 0.065335, -0.972328, 1.391628, 0.017207, 0.997329, 0.070985, 0.556141, 0.0, 0.0, 0.0, 1.0],
                [0.974368, -0.032653, 0.222576, 0.046989, 0.2243, 0.065335, -0.972328, 1.391628, 0.017207, 0.997329, 0.070985, 0.556049, 0.0, 0.0, 0.0, 1.0],
                [0.974368, -0.032653, 0.222576, 0.046989, 0.2243, 0.065335, -0.972328, 1.391628, 0.017207, 0.997329, 0.070985, 0.555965, 0.0, 0.0, 0.0, 1.0],
                [0.974368, -0.032653, 0.222576, 0.046989, 0.2243, 0.065335, -0.972328, 1.391628, 0.017207, 0.997329, 0.070985, 0.55589, 0.0, 0.0, 0.0, 1.0],
                [0.974368, -0.032653, 0.222576, 0.046989, 0.2243, 0.065335, -0.972328, 1.391628, 0.017207, 0.997329, 0.070985, 0.555823, 0.0, 0.0, 0.0, 1.0],
                [0.974368, -0.032653, 0.222576, 0.046989, 0.2243, 0.065335, -0.972328, 1.391628, 0.017207, 0.997329, 0.070985, 0.555765, 0.0, 0.0, 0.0, 1.0],
                [0.974368, -0.032653, 0.222576, 0.046989, 0.2243, 0.065335, -0.972328, 1.391628, 0.017207, 0.997329, 0.070985, 0.555716, 0.0, 0.0, 0.0, 1.0],
                [0.974368, -0.032653, 0.222576, 0.046989, 0.2243, 0.065335, -0.972328, 1.391628, 0.017207, 0.997329, 0.070985, 0.555676, 0.0, 0.0, 0.0, 1.0],
                [0.974368, -0.032653, 0.222576, 0.046989, 0.2243, 0.065335, -0.972328, 1.391628, 0.017207, 0.997329, 0.070985, 0.555645, 0.0, 0.0, 0.0, 1.0],
                [0.974368, -0.032653, 0.222576, 0.046989, 0.2243, 0.065335, -0.972328, 1.391628, 0.017207, 0.997329, 0.070985, 0.555622, 0.0, 0.0, 0.0, 1.0],
                [0.974368, -0.032653, 0.222576, 0.046989, 0.2243, 0.065335, -0.972328, 1.391628, 0.017207, 0.997329, 0.070985, 0.555609, 0.0, 0.0, 0.0, 1.0],
                [0.974368, -0.032653, 0.222576, 0.046989, 0.2243, 0.065335, -0.972328, 1.391628, 0.017207, 0.997329, 0.070985, 0.555605, 0.0, 0.0, 0.0, 1.0],
                [0.974368, -0.032653, 0.222576, 0.046989, 0.2243, 0.065335, -0.972328, 1.391628, 0.017207, 0.997329, 0.070985, 0.555605, 0.0, 0.0, 0.0, 1.0],
                [0.974368, -0.032653, 0.222576, 0.046989, 0.2243, 0.065335, -0.972328, 1.391628, 0.017207, 0.997329, 0.070985, 0.555605, 0.0, 0.0, 0.0, 1.0],
                [0.974368, -0.032653, 0.222576, 0.046989, 0.2243, 0.065335, -0.972328, 1.391628, 0.017207, 0.997329, 0.070985, 0.555605, 0.0, 0.0, 0.0, 1.0],
                [0.974368, -0.032653, 0.222576, 0.046989, 0.2243, 0.065335, -0.972328, 1.391628, 0.017207, 0.997329, 0.070985, 0.555605, 0.0, 0.0, 0.0, 1.0],
                [0.974368, -0.032653, 0.222576, 0.046989, 0.2243, 0.065335, -0.972328, 1.391628, 0.017207, 0.997329, 0.070985, 0.555605, 0.0, 0.0, 0.0, 1.0],
                [0.974368, -0.032653, 0.222576, 0.046989, 0.2243, 0.065335, -0.972328, 1.391628, 0.017207, 0.997329, 0.070985, 0.555605, 0.0, 0.0, 0.0, 1.0],
                [0.974368, -0.032653, 0.222576, 0.046989, 0.2243, 0.065335, -0.972328, 1.391628, 0.017207, 0.997329, 0.070985, 0.555605, 0.0, 0.0, 0.0, 1.0],
                [0.974368, -0.032653, 0.222576, 0.046989, 0.2243, 0.065335, -0.972328, 1.391628, 0.017207, 0.997329, 0.070985, 0.555605, 0.0, 0.0, 0.0, 1.0],
                [0.974368, -0.032653, 0.222576, 0.046989, 0.2243, 0.065335, -0.972328, 1.391628, 0.017207, 0.997329, 0.070985, 0.555605, 0.0, 0.0, 0.0, 1.0],
                [0.974368, -0.032653, 0.222576, 0.046989, 0.2243, 0.065335, -0.972328, 1.391628, 0.017207, 0.997329, 0.070985, 0.555605, 0.0, 0.0, 0.0, 1.0],
                [0.974368, -0.032653, 0.222576, 0.046989, 0.2243, 0.065335, -0.972328, 1.391628, 0.017207, 0.997329, 0.070985, 0.555605, 0.0, 0.0, 0.0, 1.0],
                [0.974368, -0.032653, 0.222576, 0.046989, 0.2243, 0.065335, -0.972328, 1.391628, 0.017207, 0.997329, 0.070985, 0.555605, 0.0, 0.0, 0.0, 1.0],
                [0.974368, -0.032653, 0.222576, 0.046989, 0.2243, 0.065335, -0.972328, 1.391628, 0.017207, 0.997329, 0.070985, 0.555605, 0.0, 0.0, 0.0, 1.0],
                [0.974368, -0.032653, 0.222576, 0.046989, 0.2243, 0.065335, -0.972328, 1.391628, 0.017207, 0.997329, 0.070985, 0.555605, 0.0, 0.0, 0.0, 1.0],
                [0.974368, -0.032653, 0.222576, 0.046989, 0.2243, 0.065335, -0.972328, 1.391628, 0.017207, 0.997329, 0.070985, 0.555605, 0.0, 0.0, 0.0, 1.0],
                [0.974368, -0.032653, 0.222576, 0.046989, 0.2243, 0.065335, -0.972328, 1.391628, 0.017207, 0.997329, 0.070985, 0.555605, 0.0, 0.0, 0.0, 1.0],
                [0.974368, -0.032653, 0.222576, 0.046989, 0.2243, 0.065335, -0.972328, 1.391628, 0.017207, 0.997329, 0.070985, 0.555605, 0.0, 0.0, 0.0, 1.0],
                [0.974368, -0.032653, 0.222576, 0.046989, 0.2243, 0.065335, -0.972328, 1.391628, 0.017207, 0.997329, 0.070985, 0.555605, 0.0, 0.0, 0.0, 1.0],
                [0.974368, -0.032653, 0.222576, 0.046989, 0.2243, 0.065335, -0.972328, 1.391628, 0.017207, 0.997329, 0.070985, 0.555605, 0.0, 0.0, 0.0, 1.0],
                [0.974368, -0.032653, 0.222576, 0.046989, 0.2243, 0.065335, -0.972328, 1.391628, 0.017207, 0.997329, 0.070985, 0.555605, 0.0, 0.0, 0.0, 1.0],
                [0.974368, -0.032653, 0.222576, 0.046989, 0.2243, 0.065335, -0.972328, 1.379248, 0.017207, 0.997329, 0.070985, 0.556858, 0.0, 0.0, 0.0, 1.0],
                [0.974368, -0.032653, 0.222576, 0.046989, 0.2243, 0.065335, -0.972328, 1.366869, 0.017207, 0.997329, 0.070985, 0.558112, 0.0, 0.0, 0.0, 1.0],
                [0.974335, -0.032576, 0.222734, 0.046635, 0.224455, 0.065549, -0.972277, 1.367288, 0.017073, 0.997317, 0.071178, 0.558112, 0.0, 0.0, 0.0, 1.0],
                [0.97425, -0.032379, 0.223135, 0.045732, 0.224851, 0.066093, -0.972149, 1.36835, 0.01673, 0.997288, 0.071672, 0.558111, 0.0, 0.0, 0.0, 1.0],
                [0.974128, -0.032099, 0.223707, 0.044446, 0.225414, 0.066869, -0.971965, 1.369853, 0.01624, 0.997245, 0.072375, 0.55811, 0.0, 0.0, 0.0, 1.0],
                [0.973979, -0.03176, 0.224403, 0.042883, 0.226098, 0.067812, -0.971741, 1.371665, 0.015646, 0.997193, 0.073228, 0.558109, 0.0, 0.0, 0.0, 1.0],
                [0.97381, -0.031378, 0.225188, 0.041118, 0.22687, 0.068877, -0.971486, 1.373696, 0.014973, 0.997132, 0.074192, 0.558108, 0.0, 0.0, 0.0, 1.0],
                [0.973626, -0.030964, 0.22604, 0.039205, 0.227706, 0.070032, -0.971208, 1.37588, 0.014243, 0.997064, 0.075235, 0.558107, 0.0, 0.0, 0.0, 1.0],
                [0.97343, -0.030528, 0.22694, 0.037184, 0.228588, 0.071252, -0.970912, 1.378164, 0.01347, 0.996991, 0.076337, 0.558106, 0.0, 0.0, 0.0, 1.0],
                [0.973226, -0.030078, 0.227873, 0.035089, 0.2295, 0.072517, -0.970603, 1.380509, 0.012669, 0.996914, 0.077478, 0.558105, 0.0, 0.0, 0.0, 1.0],
                [0.973016, -0.029618, 0.228828, 0.032948, 0.230432, 0.07381, -0.970285, 1.382879, 0.011848, 0.996832, 0.078644, 0.558104, 0.0, 0.0, 0.0, 1.0],
                [0.972803, -0.029155, 0.229793, 0.030783, 0.231373, 0.075119, -0.969961, 1.385246, 0.011018, 0.996748, 0.079821, 0.558103, 0.0, 0.0, 0.0, 1.0],
                [0.972588, -0.028693, 0.23076, 0.028614, 0.232314, 0.076429, -0.969633, 1.387583, 0.010184, 0.996662, 0.081, 0.558102, 0.0, 0.0, 0.0, 1.0],
                [0.972372, -0.028234, 0.231721, 0.02646, 0.233247, 0.077731, -0.969306, 1.389868, 0.009356, 0.996574, 0.08217, 0.558101, 0.0, 0.0, 0.0, 1.0],
                [0.972159, -0.027784, 0.232668, 0.024338, 0.234166, 0.079015, -0.96898, 1.392078, 0.008538, 0.996486, 0.083321, 0.5581, 0.0, 0.0, 0.0, 1.0],
                [0.971949, -0.027345, 0.233595, 0.022262, 0.235063, 0.080271, -0.96866, 1.394193, 0.007737, 0.996398, 0.084447, 0.5581, 0.0, 0.0, 0.0, 1.0],
                [0.971744, -0.02692, 0.234495, 0.020248, 0.235932, 0.081489, -0.968347, 1.396193, 0.006959, 0.996311, 0.085538, 0.558099, 0.0, 0.0, 0.0, 1.0],
                [0.971546, -0.026512, 0.23536, 0.01831, 0.236768, 0.082662, -0.968043, 1.398057, 0.006209, 0.996225, 0.086587, 0.558099, 0.0, 0.0, 0.0, 1.0],
                [0.971357, -0.026124, 0.236186, 0.016463, 0.237562, 0.08378, -0.967753, 1.399767, 0.005494, 0.996142, 0.087586, 0.558099, 0.0, 0.0, 0.0, 1.0],
                [0.971169, -0.025722, 0.236999, 0.014646, 0.238343, 0.084968, -0.967457, 1.401362, 0.004748, 0.996052, 0.088649, 0.558779, 0.0, 0.0, 0.0, 1.0],
                [0.970977, -0.025275, 0.237832, 0.012789, 0.239139, 0.086338, -0.967139, 1.402888, 0.00391, 0.995945, 0.089877, 0.560881, 0.0, 0.0, 0.0, 1.0],
                [0.970782, -0.024796, 0.238679, 0.010905, 0.239944, 0.087837, -0.966805, 1.404334, 0.003008, 0.995826, 0.09122, 0.564403, 0.0, 0.0, 0.0, 1.0],
                [0.970585, -0.02431, 0.239529, 0.009014, 0.240751, 0.089366, -0.966464, 1.405694, 0.002089, 0.995702, 0.09259, 0.569155, 0.0, 0.0, 0.0, 1.0],
                [0.970388, -0.023852, 0.24037, 0.007145, 0.241547, 0.090796, -0.966132, 1.406971, 0.001219, 0.995584, 0.093869, 0.574729, 0.0, 0.0, 0.0, 1.0],
                [0.970195, -0.023452, 0.241186, 0.005324, 0.242323, 0.091997, -0.965824, 1.408179, 0.000462, 0.995483, 0.094938, 0.580574, 0.0, 0.0, 0.0, 1.0],
                [0.970008, -0.023134, 0.241969, 0.003572, 0.243072, 0.092879, -0.965551, 1.409341, -0.000136, 0.995409, 0.095716, 0.586153, 0.0, 0.0, 0.0, 1.0],
                [0.969828, -0.022908, 0.242713, 0.001897, 0.243791, 0.093402, -0.96532, 1.410476, -0.000557, 0.995365, 0.096169, 0.591079, 0.0, 0.0, 0.0, 1.0],
                [0.969654, -0.02277, 0.24342, 0.000297, 0.244481, 0.093575, -0.965128, 1.411603, -0.000802, 0.995352, 0.096302, 0.595144, 0.0, 0.0, 0.0, 1.0],
                [0.969481, -0.022665, 0.244118, -0.001286, 0.245166, 0.093494, -0.964963, 1.412742, -0.000952, 0.995362, 0.096197, 0.598793, 0.0, 0.0, 0.0, 1.0],
                [0.969303, -0.022543, 0.244834, -0.002906, 0.245867, 0.093236, -0.964809, 1.413906, -0.001078, 0.995389, 0.095917, 0.602529, 0.0, 0.0, 0.0, 1.0],
                [0.96912, -0.022401, 0.245568, -0.004562, 0.246585, 0.092802, -0.964668, 1.415093, -0.001179, 0.995433, 0.09546, 0.60635, 0.0, 0.0, 0.0, 1.0],
                [0.968933, -0.022241, 0.24632, -0.006252, 0.247319, 0.092189, -0.964539, 1.416302, -0.001255, 0.995493, 0.094825, 0.610252, 0.0, 0.0, 0.0, 1.0],
                [0.968742, -0.022063, 0.247088, -0.007975, 0.248068, 0.091397, -0.964422, 1.417533, -0.001305, 0.99557, 0.094013, 0.614233, 0.0, 0.0, 0.0, 1.0],
                [0.968546, -0.021865, 0.247872, -0.009729, 0.248831, 0.090428, -0.964316, 1.418785, -0.00133, 0.995663, 0.093024, 0.618287, 0.0, 0.0, 0.0, 1.0],
                [0.968346, -0.021648, 0.248671, -0.011511, 0.249608, 0.089282, -0.964222, 1.420054, -0.001328, 0.995771, 0.091859, 0.62241, 0.0, 0.0, 0.0, 1.0],
                [0.968143, -0.021413, 0.249482, -0.01332, 0.250396, 0.087961, -0.964139, 1.421341, -0.0013, 0.995894, 0.09052, 0.626596, 0.0, 0.0, 0.0, 1.0],
                [0.967935, -0.021159, 0.250306, -0.015152, 0.251196, 0.086468, -0.964066, 1.422642, -0.001245, 0.99603, 0.089011, 0.630837, 0.0, 0.0, 0.0, 1.0],
                [0.967725, -0.020887, 0.25114, -0.017004, 0.252005, 0.084809, -0.964003, 1.423956, -0.001164, 0.996178, 0.087335, 0.635127, 0.0, 0.0, 0.0, 1.0],
                [0.967512, -0.020597, 0.251983, -0.018873, 0.252821, 0.082988, -0.963947, 1.425279, -0.001057, 0.996338, 0.085499, 0.639456, 0.0, 0.0, 0.0, 1.0],
                [0.967297, -0.02029, 0.252832, -0.020753, 0.253643, 0.081011, -0.963899, 1.426609, -0.000925, 0.996507, 0.083509, 0.643815, 0.0, 0.0, 0.0, 1.0],
                [0.967081, -0.019967, 0.253686, -0.022641, 0.254469, 0.078888, -0.963858, 1.427943, -0.000767, 0.996683, 0.081372, 0.648195, 0.0, 0.0, 0.0, 1.0],
                [0.966863, -0.019629, 0.254541, -0.024533, 0.255296, 0.076628, -0.963822, 1.429277, -0.000586, 0.996866, 0.0791, 0.652582, 0.0, 0.0, 0.0, 1.0],
                [0.966644, -0.019277, 0.255396, -0.026421, 0.256122, 0.07424, -0.963789, 1.430609, -0.000382, 0.997054, 0.076701, 0.656966, 0.0, 0.0, 0.0, 1.0],
                [0.966426, -0.018912, 0.256248, -0.028303, 0.256945, 0.071738, -0.96376, 1.431933, -0.000156, 0.997244, 0.074189, 0.661334, 0.0, 0.0, 0.0, 1.0],
                [0.966209, -0.018536, 0.257094, -0.03017, 0.257761, 0.069136, -0.963732, 1.433246, 9e-05, 0.997435, 0.071577, 0.665671, 0.0, 0.0, 0.0, 1.0],
                [0.965993, -0.018151, 0.257931, -0.032018, 0.258569, 0.066446, -0.963705, 1.434544, 0.000354, 0.997625, 0.06888, 0.669965, 0.0, 0.0, 0.0, 1.0],
                [0.965779, -0.017759, 0.258756, -0.03384, 0.259364, 0.063687, -0.963677, 1.435822, 0.000634, 0.997812, 0.066113, 0.6742, 0.0, 0.0, 0.0, 1.0],
                [0.965569, -0.017361, 0.259567, -0.035631, 0.260145, 0.060873, -0.963649, 1.437078, 0.000929, 0.997995, 0.063293, 0.678363, 0.0, 0.0, 0.0, 1.0],
                [0.965363, -0.016959, 0.26036, -0.037383, 0.260909, 0.058023, -0.963618, 1.438305, 0.001236, 0.998171, 0.060438, 0.682439, 0.0, 0.0, 0.0, 1.0],
                [0.965161, -0.016557, 0.261133, -0.039092, 0.261653, 0.055154, -0.963585, 1.4395, 0.001552, 0.998341, 0.057564, 0.686414, 0.0, 0.0, 0.0, 1.0],
                [0.964964, -0.016156, 0.261883, -0.040751, 0.262374, 0.052284, -0.963549, 1.44066, 0.001875, 0.998502, 0.054691, 0.690274, 0.0, 0.0, 0.0, 1.0],
                [0.964774, -0.015758, 0.262607, -0.042354, 0.26307, 0.049433, -0.96351, 1.44178, 0.002202, 0.998653, 0.051837, 0.694007, 0.0, 0.0, 0.0, 1.0],
                [0.964591, -0.015366, 0.263303, -0.043897, 0.263739, 0.046617, -0.963467, 1.442857, 0.002531, 0.998795, 0.049019, 0.697599, 0.0, 0.0, 0.0, 1.0],
                [0.964415, -0.014983, 0.263969, -0.045375, 0.264379, 0.043854, -0.963421, 1.443887, 0.002859, 0.998926, 0.046254, 0.701041, 0.0, 0.0, 0.0, 1.0],
                [0.964247, -0.014609, 0.264603, -0.046783, 0.264987, 0.04116, -0.963373, 1.444869, 0.003183, 0.999046, 0.04356, 0.70432, 0.0, 0.0, 0.0, 1.0],
                [0.964087, -0.014248, 0.265204, -0.048117, 0.265563, 0.038553, -0.963322, 1.445798, 0.003501, 0.999155, 0.040952, 0.70743, 0.0, 0.0, 0.0, 1.0],
                [0.963937, -0.013901, 0.265769, -0.049375, 0.266105, 0.036046, -0.96327, 1.446673, 0.003811, 0.999253, 0.038445, 0.710361, 0.0, 0.0, 0.0, 1.0],
                [0.963795, -0.01357, 0.266298, -0.050554, 0.266612, 0.033652, -0.963216, 1.447492, 0.00411, 0.999341, 0.036052, 0.713108, 0.0, 0.0, 0.0, 1.0],
                [0.963664, -0.013257, 0.26679, -0.05165, 0.267083, 0.031385, -0.963162, 1.448255, 0.004396, 0.999419, 0.033786, 0.715665, 0.0, 0.0, 0.0, 1.0],
                [0.963542, -0.012963, 0.267244, -0.052664, 0.267517, 0.029255, -0.963109, 1.448959, 0.004667, 0.999488, 0.031657, 0.718028, 0.0, 0.0, 0.0, 1.0],
                [0.96343, -0.01269, 0.267659, -0.053593, 0.267915, 0.027272, -0.963057, 1.449604, 0.004921, 0.999547, 0.029674, 0.720195, 0.0, 0.0, 0.0, 1.0],
                [0.963328, -0.012438, 0.268036, -0.054437, 0.268275, 0.025443, -0.963006, 1.450189, 0.005158, 0.999599, 0.027847, 0.722164, 0.0, 0.0, 0.0, 1.0],
                [0.963237, -0.012208, 0.268375, -0.055196, 0.268599, 0.023776, -0.962959, 1.450715, 0.005375, 0.999643, 0.026181, 0.723935, 0.0, 0.0, 0.0, 1.0],
                [0.963156, -0.012002, 0.268676, -0.055869, 0.268886, 0.022277, -0.962914, 1.451182, 0.005572, 0.99968, 0.024683, 0.725507, 0.0, 0.0, 0.0, 1.0],
                [0.963085, -0.01182, 0.268939, -0.056459, 0.269137, 0.020948, -0.962874, 1.45159, 0.005747, 0.999711, 0.023356, 0.726883, 0.0, 0.0, 0.0, 1.0],
                [0.963024, -0.011661, 0.269164, -0.056965, 0.269352, 0.019795, -0.962838, 1.451941, 0.0059, 0.999736, 0.022204, 0.728064, 0.0, 0.0, 0.0, 1.0],
                [0.962973, -0.011527, 0.269353, -0.057388, 0.269532, 0.018818, -0.962808, 1.452234, 0.00603, 0.999756, 0.021228, 0.729053, 0.0, 0.0, 0.0, 1.0],
                [0.962931, -0.011418, 0.269506, -0.057731, 0.269677, 0.01802, -0.962782, 1.452471, 0.006137, 0.999772, 0.020431, 0.729853, 0.0, 0.0, 0.0, 1.0],
                [0.962899, -0.011333, 0.269623, -0.057994, 0.269789, 0.0174, -0.962762, 1.452653, 0.00622, 0.999784, 0.019812, 0.730468, 0.0, 0.0, 0.0, 1.0],
                [0.962877, -0.011273, 0.269705, -0.05818, 0.269868, 0.016959, -0.962748, 1.452781, 0.006279, 0.999793, 0.019371, 0.730901, 0.0, 0.0, 0.0, 1.0],
                [0.962864, -0.011237, 0.269754, -0.05829, 0.269914, 0.016695, -0.96274, 1.452857, 0.006315, 0.999797, 0.019108, 0.731158, 0.0, 0.0, 0.0, 1.0],
                [0.962859, -0.011225, 0.26977, -0.058326, 0.26993, 0.016608, -0.962737, 1.452882, 0.006327, 0.999799, 0.019021, 0.731243, 0.0, 0.0, 0.0, 1.0]
            ]
        },
        {
            "name": "Thigh_R",
