{
    "animation": [
        {
            "name": "Root",
            "time": [0.0, 0.0417, 0.0833, 0.125, 0.1667, 0.2083, 0.25, 0.2917, 0.3333, 0.375, 0.4167, 0.4583, 0.5, 0.5417, 0.5833, 0.625, 0.6667, 0.7083, 0.75, 0.7917, 0.8333, 0.875, 0.9167, 0.9583, 1.0, 1.0417, 1.0833, 1.125, 1.1667, 1.2083, 1.25, 1.2917, 1.3333, 1.375, 1.4167, 1.4583, 1.5, 1.5417, 1.5833, 1.625, 1.6667, 1.7083, 1.75, 1.7917, 1.875],
            "transform": [
                [-0.0, 0.0, 1.0, 0.004867, 1.0, -0.0, 0.0, 0.101884, 0.0, 1.0, -0.0, 0.370219, 0.0, 0.0, 0.0, 1.0],
                [-0.0, 0.0, 1.0, 0.004867, 1.0, -0.0, 0.0, 0.101884, 0.0, 1.0, -0.0, 0.457963, 0.0, 0.0, 0.0, 1.0],
                [-0.0, 0.0, 1.0, 0.026318, 1.0, -0.0, 0.0, 0.151104, 0.0, 1.0, -0.0, 0.417751, 0.0, 0.0, 0.0, 1.0],
                [-0.0, 0.0, 1.0, 0.068369, 1.0, -0.0, 0.0, 0.195375, 0.0, 1.0, -0.0, 0.377538, 0.0, 0.0, 0.0, 1.0],
                [-0.0, 0.0, 1.0, 0.105102, 1.0, -0.0, 0.0, 0.223374, 0.0, 1.0, -0.0, 0.337326, 0.0, 0.0, 0.0, 1.0],
                [-0.0, 0.0, 1.0, 0.150129, 1.0, -0.0, 0.0, 0.238448, 0.0, 1.0, -0.0, 0.290341, 0.0, 0.0, 0.0, 1.0],
                [-0.0, 0.0, 1.0, 0.173401, 1.0, -0.0, 0.0, 0.235821, 0.0, 1.0, -0.0, 0.288376, 0.0, 0.0, 0.0, 1.0],
                [-0.0, 0.0, 1.0, 0.168501, 1.0, -0.0, 0.0, 0.246566, 0.0, 1.0, -0.0, 0.286411, 0.0, 0.0, 0.0, 1.0],
                [-0.0, 0.0, 1.0, 0.125225, 1.0, -0.0, 0.0, 0.273173, 0.0, 1.0, -0.0, 0.318689, 0.0, 0.0, 0.0, 1.0],
                [-0.0, 0.0, 1.0, 0.112219, 1.0, -0.0, 0.0, 0.305167, 0.0, 1.0, -0.0, 0.350967, 0.0, 0.0, 0.0, 1.0],
                [-0.0, 0.0, 1.0, 0.114889, 1.0, -0.0, 0.0, 0.319591, 0.0, 1.0, -0.0, 0.403002, 0.0, 0.0, 0.0, 1.0],
                [-0.0, 0.0, 1.0, 0.12149, 1.0, -0.0, 0.0, 0.331262, 0.0, 1.0, -0.0, 0.455038, 0.0, 0.0, 0.0, 1.0],
                [-0.0, 0.0, 1.0, 0.1225, 1.0, -0.0, 0.0, 0.331265, 0.0, 1.0, -0.0, 0.487232, 0.0, 0.0, 0.0, 1.0],
                [-0.0, 0.0, 1.0, 0.116483, 1.0, -0.0, 0.0, 0.324655, 0.0, 1.0, -0.0, 0.454508, 0.0, 0.0, 0.0, 1.0],
                [-0.0, 0.0, 1.0, 0.098176, 1.0, -0.0, 0.0, 0.301184, 0.0, 1.0, -0.0, 0.421783, 0.0, 0.0, 0.0, 1.0],
                [-0.0, 0.0, 1.0, 0.078289, 1.0, -0.0, 0.0, 0.267348, 0.0, 1.0, -0.0, 0.389058, 0.0, 0.0, 0.0, 1.0],
                [-0.0, 0.0, 1.0, 0.069185, 1.0, -0.0, 0.0, 0.240453, 0.0, 1.0, -0.0, 0.331401, 0.0, 0.0, 0.0, 1.0],
                [-0.0, 0.0, 1.0, 0.092872, 1.0, -0.0, 0.0, 0.149695, 0.0, 1.0, -0.0, 0.273743, 0.0, 0.0, 0.0, 1.0],
                [-0.0, 0.0, 1.0, 0.102772, 1.0, -0.0, 0.0, 0.072748, 0.0, 1.0, -0.0, 0.216086, 0.0, 0.0, 0.0, 1.0],
                [-0.0, 0.0, 1.0, 0.10558, 1.0, -0.0, 0.0, 0.056103, 0.0, 1.0, -0.0, 0.227791, 0.0, 0.0, 0.0, 1.0],
                [-0.0, 0.0, 1.0, 0.100775, 1.0, -0.0, 0.0, 0.053971, 0.0, 1.0, -0.0, 0.239495, 0.0, 0.0, 0.0, 1.0],
                [-0.0, 0.0, 1.0, 0.092193, 1.0, -0.0, 0.0, 0.061406, 0.0, 1.0, -0.0, 0.2512, 0.0, 0.0, 0.0, 1.0],
                [-0.0, 0.0, 1.0, 0.088224, 1.0, -0.0, 0.0, 0.06484, 0.0, 1.0, 0.0, 0.262905, 0.0, 0.0, 0.0, 1.0],
                [-0.0, 0.0, 1.0, 0.087098, 1.0, -0.0, 0.0, 0.067159, 0.0, 1.0, -0.0, 0.248992, 0.0, 0.0, 0.0, 1.0],
                [-0.0, 0.0, 1.0, 0.086942, 1.0, -0.0, 0.0, 0.068843, 0.0, 1.0, -0.0, 0.235078, 0.0, 0.0, 0.0, 1.0],
                [-0.0, 0.0, 1.0, 0.087003, 1.0, -0.0, 0.0, 0.069258, 0.0, 1.0, -0.0, 0.221165, 0.0, 0.0, 0.0, 1.0],
                [-0.0, 0.0, 1.0, 0.087093, 1.0, -0.0, 0.0, 0.069078, 0.0, 1.0, -0.0, 0.207252, 0.0, 0.0, 0.0, 1.0],
                [-0.0, 0.0, 1.0, 0.087383, 1.0, -0.0, 0.0, 0.067977, 0.0, 1.0, -0.0, 0.206115, 0.0, 0.0, 0.0, 1.0],
                [-0.0, 0.0, 1.0, 0.0888, 1.0, -0.0, 0.0, 0.066161, 0.0, 1.0, -0.0, 0.204977, 0.0, 0.0, 0.0, 1.0],
                [-0.0, 0.0, 1.0, 0.089548, 1.0, -0.0, 0.0, 0.060412, 0.0, 1.0, -0.0, 0.20384, 0.0, 0.0, 0.0, 1.0],
                [-0.0, 0.0, 1.0, 0.089338, 1.0, -0.0, 0.0, 0.051437, 0.0, 1.0, -0.0, 0.202703, 0.0, 0.0, 0.0, 1.0],
                [-0.0, 0.0, 1.0, 0.087889, 1.0, -0.0, 0.0, 0.043843, 0.0, 1.0, -0.0, 0.19178, 0.0, 0.0, 0.0, 1.0],
                [-0.0, 0.0, 1.0, 0.083307, 1.0, -0.0, 0.0, 0.030947, 0.0, 1.0, -0.0, 0.244366, 0.0, 0.0, 0.0, 1.0],
                [-0.0, 0.0, 1.0, 0.07686, 1.0, -0.0, 0.0, 0.018395, 0.0, 1.0, -0.0, 0.296952, 0.0, 0.0, 0.0, 1.0],
                [-0.0, 0.0, 1.0, 0.070804, 1.0, -0.0, 0.0, 0.014639, 0.0, 1.0, -0.0, 0.38482, 0.0, 0.0, 0.0, 1.0],
                [-0.0, 0.0, 1.0, 0.064202, 1.0, -0.0, 0.0, 0.012566, 0.0, 1.0, -0.0, 0.455431, 0.0, 0.0, 0.0, 1.0],
                [-0.0, 0.0, 1.0, 0.063683, 1.0, -0.0, 0.0, 0.012426, 0.0, 1.0, -0.0, 0.526043, 0.0, 0.0, 0.0, 1.0],
                [-0.0, 0.0, 1.0, 0.065128, 1.0, -0.0, 0.0, 0.014386, 0.0, 1.0, -0.0, 0.522484, 0.0, 0.0, 0.0, 1.0],
                [-0.0, 0.0, 1.0, 0.069228, 1.0, -0.0, 0.0, 0.018633, 0.0, 1.0, -0.0, 0.518924, 0.0, 0.0, 0.0, 1.0],
                [-0.0, 0.0, 1.0, 0.074165, 1.0, -0.0, 0.0, 0.022239, 0.0, 1.0, -0.0, 0.515365, 0.0, 0.0, 0.0, 1.0],
                [-0.0, 0.0, 1.0, 0.077722, 1.0, -0.0, 0.0, 0.024503, 0.0, 1.0, -0.0, 0.511806, 0.0, 0.0, 0.0, 1.0],
                [-0.0, 0.0, 1.0, 0.081385, 1.0, -0.0, 0.0, 0.027091, 0.0, 1.0, -0.0, 0.508246, 0.0, 0.0, 0.0, 1.0],
                [-0.0, 0.0, 1.0, 0.082809, 1.0, -0.0, 0.0, 0.028741, 0.0, 1.0, -0.0, 0.504687, 0.0, 0.0, 0.0, 1.0],
                [-0.0, 0.0, 1.0, 0.082082, 1.0, -0.0, 0.0, 0.031267, 0.0, 1.0, 0.0, 0.501128, 0.0, 0.0, 0.0, 1.0],
                [-0.0, 0.0, 1.0, -0.000231, 1.0, -0.0, 0.0, 0.00022, 0.0, 1.0, 0.0, 0.494009, 0.0, 0.0, 0.0, 1.0]
            ]
        },
        {
            "name": "Thigh_R",
            "time": [0.0, 0.0417, 0.0833, 0.125, 0.1667, 0.2083, 0.25, 0.2917, 0.3333, 0.375, 0.4167, 0.4583, 0.5, 0.5417, 0.5833, 0.625, 0.6667, 0.7083, 0.75, 0.7917, 0.8333, 0.875, 0.9167, 0.9583, 1.0, 1.0417, 1.0833, 1.125, 1.1667, 1.2083, 1.25, 1.2917, 1.3333, 1.375, 1.4167, 1.4583, 1.5, 1.5417, 1.5833, 1.625, 1.6667, 1.7083, 1.75, 1.7917, 1.875],
            "transform": [
                [0.732189, 0.003462, -0.681092, 0.120271, 0.187674, -0.962301, 0.196862, 0.105348, -0.654734, -0.271963, -0.705237, -0.14334, 0.0, 0.0, 0.0, 1.0],
                [0.825214, 0.467959, -0.316285, 0.119999, 0.502468, -0.863977, 0.032686, 0.098541, -0.257968, -0.185896, -0.948101, -0.077253, 0.0, 0.0, 0.0, 1.0],
                [0.763565, 0.578548, 0.286795, 0.116904, 0.608825, -0.793021, -0.021188, 0.120298, 0.215175, 0.190787, -0.957758, -0.011166, 0.0, 0.0, 0.0, 1.0],
                [0.657068, 0.705374, 0.265913, 0.113809, 0.680693, -0.706749, 0.192776, 0.091128, 0.323912, 0.054339, -0.944525, 0.029928, 0.0, 0.0, 0.0, 1.0],
                [0.685304, 0.722841, 0.088656, 0.119181, 0.682574, -0.679976, 0.267818, 0.076071, 0.253873, -0.123022, -0.959382, 0.071022, 0.0, 0.0, 0.0, 1.0],
                [0.699576, 0.706038, -0.110017, 0.130199, 0.695602, -0.637668, 0.330932, 0.06666, 0.163496, -0.30804, -0.937219, -0.031836, 0.0, 0.0, 0.0, 1.0],
                [0.646061, 0.73942, -0.189375, 0.118636, 0.757361, -0.590149, 0.279514, 0.045958, 0.094918, -0.324009, -0.94128, -0.064129, 0.0, 0.0, 0.0, 1.0],
                [0.698026, 0.669014, -0.255304, 0.118364, 0.715519, -0.665666, 0.211947, 0.054423, -0.028152, -0.330619, -0.943344, -0.041906, 0.0, 0.0, 0.0, 1.0],
                [0.776707, 0.629765, -0.011037, 0.118091, 0.616587, -0.756643, 0.217513, 0.062887, 0.128631, -0.175749, -0.975995, -0.019684, 0.0, 0.0, 0.0, 1.0],
                [0.74109, 0.611279, 0.277711, 0.117819, 0.509715, -0.781457, 0.359884, 0.071352, 0.437009, -0.125153, -0.890708, 0.002539, 0.0, 0.0, 0.0, 1.0],
                [0.666081, 0.603301, 0.438594, 0.117546, 0.431873, -0.791372, 0.432685, 0.079817, 0.60813, -0.098786, -0.787667, 0.024761, 0.0, 0.0, 0.0, 1.0],
                [0.592155, 0.543837, 0.594638, 0.114451, 0.332142, -0.837047, 0.434781, 0.066461, 0.73419, -0.059953, -0.676292, 0.032373, 0.0, 0.0, 0.0, 1.0],
                [0.557483, 0.532983, 0.636507, 0.111356, 0.287355, -0.843192, 0.454373, 0.053104, 0.778871, -0.070401, -0.62322, 0.039986, 0.0, 0.0, 0.0, 1.0],
                [0.507932, 0.598761, 0.619265, 0.108261, 0.299441, -0.796807, 0.524818, 0.039748, 0.807676, -0.081138, -0.584018, 0.047598, 0.0, 0.0, 0.0, 1.0],
                [0.359904, 0.802604, 0.475706, 0.105166, 0.392011, -0.592769, 0.703528, 0.024039, 0.846638, -0.06672, -0.52797, 0.067442, 0.0, 0.0, 0.0, 1.0],
                [0.213144, 0.950794, 0.224855, 0.102071, 0.530297, -0.305876, 0.790711, 0.008331, 0.820582, -0.049296, -0.569399, 0.087285, 0.0, 0.0, 0.0, 1.0],
                [0.49531, 0.865304, 0.076922, 0.090038, 0.758206, -0.473821, 0.447903, 0.025552, 0.42402, -0.163528, -0.890767, 0.094709, 0.0, 0.0, 0.0, 1.0],
                [0.556768, 0.826758, -0.080509, 0.078005, 0.830409, -0.556392, 0.029104, 0.042774, -0.020733, -0.083059, -0.996329, 0.042859, 0.0, 0.0, 0.0, 1.0],
                [0.494797, 0.868809, 0.018635, 0.065971, 0.858422, -0.485319, -0.16606, 0.059995, -0.135231, 0.098163, -0.98594, -0.008991, 0.0, 0.0, 0.0, 1.0],
                [0.475664, 0.874656, 0.093378, 0.067176, 0.868861, -0.45063, -0.204969, 0.06215, -0.137199, 0.17863, -0.974304, -0.02156, 0.0, 0.0, 0.0, 1.0],
                [0.476808, 0.85966, 0.183411, 0.06838, 0.873428, -0.439879, -0.208877, 0.064304, -0.098885, 0.259791, -0.960589, -0.034129, 0.0, 0.0, 0.0, 1.0],
                [0.504845, 0.835226, 0.218012, 0.069584, 0.860866, -0.468553, -0.198412, 0.066459, -0.063569, 0.287846, -0.955565, -0.046698, 0.0, 0.0, 0.0, 1.0],
                [0.52453, 0.821226, 0.224626, 0.070788, 0.850096, -0.490622, -0.191379, 0.065791, -0.04696, 0.291338, -0.955467, -0.03217, 0.0, 0.0, 0.0, 1.0],
                [0.525241, 0.826295, 0.20337, 0.071992, 0.849295, -0.494112, -0.185879, 0.065123, -0.053103, 0.270352, -0.961296, -0.017643, 0.0, 0.0, 0.0, 1.0],
                [0.513822, 0.837214, 0.187242, 0.073196, 0.855463, -0.48358, -0.185293, 0.064455, -0.064584, 0.255386, -0.96468, -0.003115, 0.0, 0.0, 0.0, 1.0],
                [0.501835, 0.845596, 0.182013, 0.0744, 0.862369, -0.47284, -0.180948, 0.070844, -0.066946, 0.247769, -0.966504, -0.007405, 0.0, 0.0, 0.0, 1.0],
                [0.493642, 0.85113, 0.178593, 0.075605, 0.867077, -0.465849, -0.176529, 0.077232, -0.067052, 0.241996, -0.967958, -0.011694, 0.0, 0.0, 0.0, 1.0],
                [0.485388, 0.855302, 0.181265, 0.07731, 0.871998, -0.45856, -0.171292, 0.077285, -0.063386, 0.241206, -0.968402, -0.003676, 0.0, 0.0, 0.0, 1.0],
                [0.477235, 0.857907, 0.190374, 0.079016, 0.87692, -0.450844, -0.166588, 0.077338, -0.057088, 0.246445, -0.967474, 0.004343, 0.0, 0.0, 0.0, 1.0],
                [0.470789, 0.851556, 0.230673, 0.080721, 0.881264, -0.441573, -0.168486, 0.077391, -0.041616, 0.282605, -0.958333, 0.012361, 0.0, 0.0, 0.0, 1.0],
                [0.460985, 0.849218, 0.257529, 0.082427, 0.88697, -0.431813, -0.163771, 0.077444, -0.027873, 0.303917, -0.952291, 0.020379, 0.0, 0.0, 0.0, 1.0],
                [0.458992, 0.865166, 0.202026, 0.084132, 0.888428, -0.445745, -0.109578, 0.077497, -0.004752, 0.229782, -0.973231, 0.028398, 0.0, 0.0, 0.0, 1.0],
                [0.488674, 0.857272, 0.162119, 0.085838, 0.871101, -0.489804, -0.035705, 0.07755, 0.048797, 0.158671, -0.986125, 0.036416, 0.0, 0.0, 0.0, 1.0],
                [0.566628, 0.804776, 0.176826, 0.087543, 0.807869, -0.584831, 0.072938, 0.077603, 0.162112, 0.101523, -0.981536, 0.044435, 0.0, 0.0, 0.0, 1.0],
                [0.630493, 0.747754, 0.20819, 0.089249, 0.734128, -0.661573, 0.152897, 0.077656, 0.252062, 0.056438, -0.966064, 0.052453, 0.0, 0.0, 0.0, 1.0],
                [0.717754, 0.625691, 0.305515, 0.090954, 0.595638, -0.778976, 0.195988, 0.077709, 0.360617, 0.041306, -0.931799, 0.060471, 0.0, 0.0, 0.0, 1.0],
                [0.746536, 0.521923, 0.41265, 0.09266, 0.498564, -0.849515, 0.172508, 0.077762, 0.440588, 0.076949, -0.894406, 0.06849, 0.0, 0.0, 0.0, 1.0],
                [0.707099, 0.51157, 0.488167, 0.094365, 0.497636, -0.850477, 0.170435, 0.077815, 0.502364, 0.122415, -0.855947, 0.076508, 0.0, 0.0, 0.0, 1.0],
                [0.614507, 0.530037, 0.584331, 0.096071, 0.508609, -0.832374, 0.220159, 0.077258, 0.603074, 0.161907, -0.781081, 0.077823, 0.0, 0.0, 0.0, 1.0],
                [0.539986, 0.577484, 0.612313, 0.097776, 0.498936, -0.805516, 0.319697, 0.076702, 0.677848, 0.132873, -0.723095, 0.079138, 0.0, 0.0, 0.0, 1.0],
                [0.497152, 0.606513, 0.620469, 0.099482, 0.489232, -0.786536, 0.376847, 0.076145, 0.716584, 0.116203, -0.687753, 0.080452, 0.0, 0.0, 0.0, 1.0],
                [0.449718, 0.639312, 0.623726, 0.101187, 0.48094, -0.761775, 0.434045, 0.075589, 0.752629, 0.104777, -0.650055, 0.081767, 0.0, 0.0, 0.0, 1.0],
                [0.425946, 0.650068, 0.629271, 0.102893, 0.477322, -0.752312, 0.454083, 0.075032, 0.768593, 0.10695, -0.630735, 0.083082, 0.0, 0.0, 0.0, 1.0],
                [0.42481, 0.636386, 0.643854, 0.104598, 0.474832, -0.762168, 0.440038, 0.074476, 0.77076, 0.11879, -0.625953, 0.084397, 0.0, 0.0, 0.0, 1.0],
                [0.386889, 0.581651, 0.715541, 0.10801, 0.462337, -0.793745, 0.395239, 0.073363, 0.797848, 0.177908, -0.57601, 0.087026, 0.0, 0.0, 0.0, 1.0]
            ]
        },
        {
            "name": "Leg_R",
            "time": [0.0, 0.0417, 0.0833, 0.125, 0.1667, 0.2083, 0.25, 0.2917, 0.3333, 0.375, 0.4167, 0.4583, 0.5, 0.5417, 0.5833, 0.625, 0.6667, 0.7083, 0.75, 0.7917, 0.8333, 0.875, 0.9167, 0.9583, 1.0, 1.0417, 1.0833, 1.125, 1.1667, 1.2083, 1.25, 1.2917, 1.3333, 1.375, 1.4167, 1.4583, 1.5, 1.5417, 1.5833, 1.625, 1.6667, 1.7083, 1.75, 1.7917, 1.875],
            "transform": [
                [1.0, -3e-06, -1.7e-05, -0.0, 1.7e-05, 0.163962, 0.986463, 0.37472, -0.0, -0.98647, 0.16396, -0.0, 0.0, 0.0, 0.0, 1.0],
                [1.0, 2e-06, -1e-05, -0.0, 7e-06, 0.624088, 0.781352, 0.37472, 8e-06, -0.78136, 0.624083, -0.0, 0.0, 0.0, 0.0, 1.0],
                [1.0, -0.0, -2e-06, 0.0, 1e-06, 0.883802, 0.467863, 0.37472, 1e-06, -0.467865, 0.883798, -0.0, 0.0, 0.0, 0.0, 1.0],
                [1.0, 1e-06, -2e-06, 0.0, 1e-06, 0.538759, 0.84246, 0.37472, 1e-06, -0.84246, 0.53876, -0.0, 0.0, 0.0, 0.0, 1.0],
                [1.0, 1e-06, -4e-06, 0.0, 4e-06, 0.169594, 0.985514, 0.37472, 2e-06, -0.985514, 0.169595, -0.0, 0.0, 0.0, 0.0, 1.0],
                [1.0, -1e-06, -7e-06, -0.0, 7e-06, -0.253492, 0.967337, 0.37472, -2e-06, -0.967337, -0.253492, -0.0, 0.0, 0.0, 0.0, 1.0],
                [1.0, -9e-06, -1.9e-05, 0.0, 1.7e-05, -0.225192, 0.974311, 0.37472, -1.3e-05, -0.974319, -0.22519, 0.0, 0.0, 0.0, 0.0, 1.0],
                [1.0, -4e-06, -2.1e-05, 0.0, 1.9e-05, -0.221561, 0.975144, 0.37472, -8e-06, -0.975149, -0.22156, -0.0, 0.0, 0.0, 0.0, 1.0],
                [1.0, -3e-06, -1.3e-05, 0.0, 1.3e-05, -0.169232, 0.985575, 0.37472, -5e-06, -0.985578, -0.169231, 0.0, 0.0, 0.0, 0.0, 1.0],
                [1.0, -1e-06, -8e-06, -0.0, 7e-06, -0.139792, 0.99018, 0.37472, -2e-06, -0.990182, -0.139792, 0.0, 0.0, 0.0, 0.0, 1.0],
                [1.0, -0.0, -5e-06, -0.0, 5e-06, -0.076102, 0.997099, 0.37472, -0.0, -0.997101, -0.076102, 0.0, 0.0, 0.0, 0.0, 1.0],
                [1.0, 0.0, -3e-06, 0.0, 2e-06, 0.150304, 0.988639, 0.37472, 1e-06, -0.98864, 0.150304, 0.0, 0.0, 0.0, 0.0, 1.0],
                [1.0, -0.0, -3e-06, -0.0, 3e-06, 0.247629, 0.968854, 0.37472, 0.0, -0.968856, 0.247629, 0.0, 0.0, 0.0, 0.0, 1.0],
                [1.0, -1e-06, -5e-06, -0.0, 5e-06, 0.166079, 0.986112, 0.37472, -1e-06, -0.986113, 0.166079, -0.0, 0.0, 0.0, 0.0, 1.0],
                [1.0, 0.0, -1.1e-05, -0.0, 1.1e-05, -0.096961, 0.995289, 0.37472, -1e-06, -0.995288, -0.096962, 0.0, 0.0, 0.0, 0.0, 1.0],
                [1.0, 4e-06, -1.4e-05, 0.0, 1.5e-05, -0.299532, 0.954088, 0.37472, -0.0, -0.954084, -0.299534, -0.0, 0.0, 0.0, 0.0, 1.0],
                [1.0, 3e-06, -5e-06, -0.0, 6e-06, -0.287381, 0.957817, 0.37472, 1e-06, -0.957815, -0.287382, -0.0, 0.0, 0.0, 0.0, 1.0],
                [1.0, 1e-06, -1e-06, 0.0, 1e-06, 0.231516, 0.972831, 0.37472, 1e-06, -0.972831, 0.231516, 0.0, 0.0, 0.0, 0.0, 1.0],
                [1.0, 1e-06, -5e-06, -0.0, 2e-06, 0.748538, 0.663093, 0.37472, 4e-06, -0.663098, 0.748532, 0.0, 0.0, 0.0, 0.0, 1.0],
                [1.0, -0.0, -5e-06, -0.0, 3e-06, 0.888576, 0.458742, 0.37472, 4e-06, -0.458751, 0.888559, 0.0, 0.0, 0.0, 0.0, 1.0],
                [1.0, -1e-06, -2e-06, -0.0, 1e-06, 0.966323, 0.25736, 0.37472, 2e-06, -0.257364, 0.966307, -0.0, 0.0, 0.0, 0.0, 1.0],
                [1.0, 0.0, -2e-06, 0.0, 0.0, 0.968153, 0.250374, 0.37472, 2e-06, -0.250376, 0.968145, -0.0, 0.0, 0.0, 0.0, 1.0],
                [1.0, 0.0, -1e-06, 0.0, 0.0, 0.960231, 0.279213, 0.37472, 2e-06, -0.279215, 0.960226, 0.0, 0.0, 0.0, 0.0, 1.0],
                [1.0, 1e-06, -2e-06, -0.0, -0.0, 0.938787, 0.344503, 0.37472, 2e-06, -0.344505, 0.938783, -0.0, 0.0, 0.0, 0.0, 1.0],
                [1.0, 1e-06, -2e-06, -0.0, -0.0, 0.917066, 0.398739, 0.37472, 2e-06, -0.39874, 0.917063, -0.0, 0.0, 0.0, 0.0, 1.0],
                [1.0, 1e-06, -1e-06, 0.0, -0.0, 0.906444, 0.42233, 0.37472, 2e-06, -0.422331, 0.90644, -0.0, 0.0, 0.0, 0.0, 1.0],
                [1.0, 1e-06, -1e-06, -0.0, -0.0, 0.903556, 0.428473, 0.37472, 2e-06, -0.428474, 0.903553, -0.0, 0.0, 0.0, 0.0, 1.0],
                [1.0, 1e-06, -1e-06, 0.0, 0.0, 0.908693, 0.417467, 0.37472, 2e-06, -0.417468, 0.908691, -0.0, 0.0, 0.0, 0.0, 1.0],
                [1.0, 1e-06, -1e-06, 0.0, -0.0, 0.923799, 0.38288, 0.37472, 1e-06, -0.382881, 0.923797, -0.0, 0.0, 0.0, 0.0, 1.0],
                [1.0, 1e-06, -1e-06, 0.0, -0.0, 0.957546, 0.288285, 0.37472, 1e-06, -0.288286, 0.957544, -0.0, 0.0, 0.0, 0.0, 1.0],
                [1.0, 1e-06, -1e-06, 0.0, -0.0, 0.978313, 0.207136, 0.37472, 1e-06, -0.207137, 0.978311, 0.0, 0.0, 0.0, 0.0, 1.0],
                [1.0, 0.0, -1e-06, -0.0, -0.0, 0.943389, 0.331689, 0.37472, 1e-06, -0.331689, 0.943388, -0.0, 0.0, 0.0, 0.0, 1.0],
                [1.0, 1e-06, -1e-06, 0.0, -0.0, 0.921764, 0.387753, 0.37472, 1e-06, -0.387754, 0.921763, 0.0, 0.0, 0.0, 0.0, 1.0],
                [1.0, 0.0, -1e-06, 0.0, -0.0, 0.906767, 0.421633, 0.37472, 1e-06, -0.421633, 0.906767, 0.0, 0.0, 0.0, 0.0, 1.0],
                [1.0, 0.0, -0.0, 0.0, -0.0, 0.84288, 0.538102, 0.37472, 0.0, -0.538102, 0.84288, 0.0, 0.0, 0.0, 0.0, 1.0],
                [1.0, 0.0, -0.0, 0.0, 0.0, 0.745816, 0.666152, 0.37472, 0.0, -0.666152, 0.745816, -0.0, 0.0, 0.0, 0.0, 1.0],
                [1.0, 0.0, -1e-06, -0.0, 1e-06, 0.741219, 0.671263, 0.37472, 1e-06, -0.671263, 0.741219, 0.0, 0.0, 0.0, 0.0, 1.0],
                [1.0, 1e-06, -2e-06, 0.0, 1e-06, 0.78554, 0.618812, 0.37472, 2e-06, -0.618812, 0.785539, 0.0, 0.0, 0.0, 0.0, 1.0],
                [1.0, 1e-06, -4e-06, 0.0, 2e-06, 0.803175, 0.595743, 0.37472, 4e-06, -0.595743, 0.803176, -0.0, 0.0, 0.0, 0.0, 1.0],
                [1.0, 1e-06, -7e-06, -0.0, 4e-06, 0.73222, 0.681068, 0.37472, 6e-06, -0.681065, 0.732223, -0.0, 0.0, 0.0, 0.0, 1.0],
                [1.0, 1e-06, -8e-06, -0.0, 5e-06, 0.675143, 0.737688, 0.37472, 6e-06, -0.737684, 0.675147, 0.0, 0.0, 0.0, 0.0, 1.0],
                [1.0, -1e-06, -8e-06, -0.0, 7e-06, 0.60695, 0.794741, 0.37472, 4e-06, -0.794737, 0.606953, -0.0, 0.0, 0.0, 0.0, 1.0],
                [1.0, -2e-06, -8e-06, 0.0, 8e-06, 0.581571, 0.813496, 0.37472, 2e-06, -0.813494, 0.581573, -0.0, 0.0, 0.0, 0.0, 1.0],
                [1.0, -3e-06, -7e-06, 0.0, 7e-06, 0.593392, 0.804914, 0.37472, 2e-06, -0.804913, 0.593393, -0.0, 0.0, 0.0, 0.0, 1.0],
                [1.0, 0.0, 0.0, 0.0, -0.0, 0.703487, 0.710708, 0.37472, -0.0, -0.710708, 0.703487, 0.0, 0.0, 0.0, 0.0, 1.0]
            ]
        },
        {
            "name": "Knee_R",
            "time": [0.0, 1.875],
            "transform": [
                [1.0, 0.0, -0.0, -0.0, -0.0, 1e-06, -1.0, 0.37472, -0.0, 1.0, 1e-06, -0.0, 0.0, 0.0, 0.0, 1.0],
                [1.0, 0.0, -0.0, 0.0, -0.0, 1e-06, -1.0, 0.37472, -0.0, 1.0, 1e-06, 0.0, 0.0, 0.0, 0.0, 1.0]
            ]
        },
        {
            "name": "Thigh_L",
            "time": [0.0, 0.0417, 0.0833, 0.125, 0.1667, 0.2083, 0.25, 0.2917, 0.3333, 0.375, 0.4167, 0.4583, 0.5, 0.5417, 0.5833, 0.625, 0.6667, 0.7083, 0.75, 0.7917, 0.8333, 0.875, 0.9167, 0.9583, 1.0, 1.0417, 1.0833, 1.125, 1.1667, 1.2083, 1.25, 1.2917, 1.3333, 1.375, 1.4167, 1.4583, 1.5, 1.5417, 1.5833, 1.625, 1.6667, 1.7083, 1.75, 1.7917, 1.875],
            "transform": [
                [0.052919, -0.772392, -0.632938, -0.077797, 0.088907, -0.627665, 0.77339, 0.073402, -0.994633, -0.097199, 0.035455, 0.068192, 0.0, 0.0, 0.0, 1.0],
                [0.627342, -0.708293, -0.323672, -0.107712, -0.316769, -0.611791, 0.724823, 0.084573, -0.711407, -0.352183, -0.608168, 0.037757, 0.0, 0.0, 0.0, 1.0],
                [0.755265, -0.654316, -0.03802, -0.137627, -0.560412, -0.674777, 0.480224, 0.095744, -0.339873, -0.341389, -0.876322, 0.007322, 0.0, 0.0, 0.0, 1.0],
                [0.711593, -0.663862, 0.230051, -0.167542, -0.699575, -0.63917, 0.319461, 0.106915, -0.065036, -0.388264, -0.91925, -0.023113, 0.0, 0.0, 0.0, 1.0],
                [0.645297, -0.677073, 0.353785, -0.172557, -0.76344, -0.554941, 0.330454, 0.087643, -0.027412, -0.483334, -0.875007, 0.024376, 0.0, 0.0, 0.0, 1.0],
                [0.529814, -0.692191, 0.49007, -0.177573, -0.845492, -0.385666, 0.369332, 0.06837, -0.066645, -0.610027, -0.789573, 0.071864, 0.0, 0.0, 0.0, 1.0],
                [0.557844, -0.687746, 0.464559, -0.182589, -0.807328, -0.319883, 0.495879, 0.057565, -0.192434, -0.651675, -0.733682, 0.096772, 0.0, 0.0, 0.0, 1.0],
                [0.601313, -0.712031, 0.362539, -0.187604, -0.75975, -0.369035, 0.535345, 0.046761, -0.247392, -0.597349, -0.762871, 0.12168, 0.0, 0.0, 0.0, 1.0],
                [0.579643, -0.722795, 0.376274, -0.169371, -0.809976, -0.460522, 0.363123, 0.064256, -0.089181, -0.515254, -0.852385, 0.084788, 0.0, 0.0, 0.0, 1.0],
                [0.590738, -0.734828, 0.333251, -0.151138, -0.805847, -0.558045, 0.19798, 0.081751, 0.040488, -0.385503, -0.921818, 0.047896, 0.0, 0.0, 0.0, 1.0],
                [0.611425, -0.7004, 0.368237, -0.132904, -0.768747, -0.636076, 0.066596, 0.099246, 0.187583, -0.3238, -0.927344, 0.011005, 0.0, 0.0, 0.0, 1.0],
                [0.682974, -0.635521, 0.360082, -0.114671, -0.692392, -0.720298, 0.041993, 0.116742, 0.232679, -0.277998, -0.931975, -0.025887, 0.0, 0.0, 0.0, 1.0],
                [0.726236, -0.615823, 0.305521, -0.110813, -0.65401, -0.755847, 0.031089, 0.113427, 0.211783, -0.222391, -0.951678, -0.041402, 0.0, 0.0, 0.0, 1.0],
                [0.675959, -0.636358, 0.371656, -0.106955, -0.670862, -0.740088, -0.047046, 0.110113, 0.304997, -0.217528, -0.927178, -0.056917, 0.0, 0.0, 0.0, 1.0],
                [0.553008, -0.68005, 0.481367, -0.103098, -0.735812, -0.669652, -0.100726, 0.106799, 0.390848, -0.298493, -0.870712, -0.072432, 0.0, 0.0, 0.0, 1.0],
                [0.458229, -0.695126, 0.553919, -0.122762, -0.821712, -0.56888, -0.034138, 0.094076, 0.338844, -0.439518, -0.83187, -0.052664, 0.0, 0.0, 0.0, 1.0],
                [0.389381, -0.726508, 0.566187, -0.142425, -0.894735, -0.444301, 0.045224, 0.081353, 0.218703, -0.524197, -0.823035, -0.032897, 0.0, 0.0, 0.0, 1.0],
                [0.486514, -0.472649, 0.734784, -0.217567, -0.872642, -0.22204, 0.434965, 0.018797, -0.042434, -0.85282, -0.520479, 0.075781, 0.0, 0.0, 0.0, 1.0],
                [0.66954, -0.260302, 0.695672, -0.223657, -0.713172, 0.036497, 0.700038, 0.002914, -0.207611, -0.964837, -0.161204, 0.115307, 0.0, 0.0, 0.0, 1.0],
                [0.739307, -0.226062, 0.634288, -0.229747, -0.635836, 0.075727, 0.768101, -0.012969, -0.22167, -0.971165, -0.087753, 0.154832, 0.0, 0.0, 0.0, 1.0],
                [0.777589, -0.236312, 0.582677, -0.225198, -0.591427, 0.039727, 0.805379, -0.009853, -0.213469, -0.970864, -0.10887, 0.149498, 0.0, 0.0, 0.0, 1.0],
                [0.769495, -0.293494, 0.56722, -0.220649, -0.593969, -0.002511, 0.804484, -0.006738, -0.234687, -0.955957, -0.176259, 0.144164, 0.0, 0.0, 0.0, 1.0],
                [0.759828, -0.329179, 0.560627, -0.216099, -0.600312, -0.024209, 0.799399, -0.003622, -0.249574, -0.943957, -0.216005, 0.138829, 0.0, 0.0, 0.0, 1.0],
                [0.744005, -0.339681, 0.57539, -0.21155, -0.616938, -0.018522, 0.786794, -0.000507, -0.256601, -0.940358, -0.223343, 0.133495, 0.0, 0.0, 0.0, 1.0],
                [0.730654, -0.334334, 0.595287, -0.207001, -0.631891, -0.000934, 0.775057, 0.002609, -0.258571, -0.942454, -0.211945, 0.128161, 0.0, 0.0, 0.0, 1.0],
                [0.721773, -0.32996, 0.608417, -0.202452, -0.641709, 0.010345, 0.766878, 0.005724, -0.259333, -0.943939, -0.204272, 0.122826, 0.0, 0.0, 0.0, 1.0],
                [0.71697, -0.321826, 0.61837, -0.197902, -0.648472, 0.017605, 0.761035, 0.008839, -0.255807, -0.946635, -0.196073, 0.117492, 0.0, 0.0, 0.0, 1.0],
                [0.72046, -0.311464, 0.619619, -0.193353, -0.647635, 0.017344, 0.761754, 0.011955, -0.248005, -0.9501, -0.18922, 0.112158, 0.0, 0.0, 0.0, 1.0],
                [0.72472, -0.300155, 0.620233, -0.188804, -0.646328, 0.015877, 0.762894, 0.01507, -0.238834, -0.953758, -0.182493, 0.106824, 0.0, 0.0, 0.0, 1.0],
                [0.735213, -0.270307, 0.621608, -0.184255, -0.641664, 0.018028, 0.766774, 0.021636, -0.21847, -0.962605, -0.160192, 0.088686, 0.0, 0.0, 0.0, 1.0],
                [0.750259, -0.221925, 0.622784, -0.179705, -0.635238, 0.019133, 0.77208, 0.028201, -0.18326, -0.974876, -0.126621, 0.070549, 0.0, 0.0, 0.0, 1.0],
                [0.762356, -0.187276, 0.619468, -0.175156, -0.629027, 0.010558, 0.777312, 0.034766, -0.152112, -0.982251, -0.109753, 0.052412, 0.0, 0.0, 0.0, 1.0],
                [0.79575, -0.16829, 0.581773, -0.170607, -0.596687, -0.053429, 0.800694, 0.041331, -0.103665, -0.984288, -0.142933, 0.034274, 0.0, 0.0, 0.0, 1.0],
                [0.860832, -0.197959, 0.468808, -0.166058, -0.505559, -0.22746, 0.832269, 0.047896, -0.05812, -0.953453, -0.295885, 0.016137, 0.0, 0.0, 0.0, 1.0],
                [0.890909, -0.225815, 0.394067, -0.161509, -0.452305, -0.362331, 0.814946, 0.054462, -0.041245, -0.904281, -0.424941, -0.002001, 0.0, 0.0, 0.0, 1.0],
                [0.91621, -0.252042, 0.311503, -0.156959, -0.400512, -0.552341, 0.731101, 0.061027, -0.012212, -0.794603, -0.607006, -0.020138, 0.0, 0.0, 0.0, 1.0],
                [0.91074, -0.242669, 0.334163, -0.15241, -0.405891, -0.675248, 0.615867, 0.067592, 0.076191, -0.696528, -0.713473, -0.038275, 0.0, 0.0, 0.0, 1.0],
                [0.882815, -0.229293, 0.409955, -0.147861, -0.438022, -0.717045, 0.542202, 0.074157, 0.169634, -0.658233, -0.733453, -0.056413, 0.0, 0.0, 0.0, 1.0],
                [0.820224, -0.217356, 0.52914, -0.141054, -0.486275, -0.752102, 0.444836, 0.073956, 0.30128, -0.622173, -0.722587, -0.058555, 0.0, 0.0, 0.0, 1.0],
                [0.7542, -0.196983, 0.626402, -0.134246, -0.521395, -0.759531, 0.388922, 0.073755, 0.399161, -0.619928, -0.675544, -0.060698, 0.0, 0.0, 0.0, 1.0],
                [0.721805, -0.169915, 0.670914, -0.127439, -0.531595, -0.756853, 0.380238, 0.073554, 0.443175, -0.631112, -0.636626, -0.062841, 0.0, 0.0, 0.0, 1.0],
                [0.689621, -0.131074, 0.71221, -0.120632, -0.538035, -0.75101, 0.382756, 0.073353, 0.484707, -0.64715, -0.588434, -0.064984, 0.0, 0.0, 0.0, 1.0],
                [0.680541, -0.098729, 0.726028, -0.113825, -0.513442, -0.771165, 0.376407, 0.073152, 0.522725, -0.628933, -0.575501, -0.067126, 0.0, 0.0, 0.0, 1.0],
                [0.674853, -0.103743, 0.730624, -0.113039, -0.49095, -0.802291, 0.339555, 0.071445, 0.550946, -0.587849, -0.592361, -0.069269, 0.0, 0.0, 0.0, 1.0],
                [0.640251, -0.170844, 0.748927, -0.111467, -0.477625, -0.852119, 0.213933, 0.068032, 0.601626, -0.494677, -0.627169, -0.073555, 0.0, 0.0, 0.0, 1.0]
            ]
        },
        {
            "name": "Leg_L",
            "time": [0.0, 0.0417, 0.0833, 0.125, 0.1667, 0.2083, 0.25, 0.2917, 0.3333, 0.375, 0.4167, 0.4583, 0.5, 0.5417, 0.5833, 0.625, 0.6667, 0.7083, 0.75, 0.7917, 0.8333, 0.875, 0.9167, 0.9583, 1.0, 1.0417, 1.0833, 1.125, 1.1667, 1.2083, 1.25, 1.2917, 1.3333, 1.375, 1.4167, 1.4583, 1.5, 1.5417, 1.5833, 1.625, 1.6667, 1.7083, 1.75, 1.7917, 1.875],
            "transform": [
                [1.0, 5.5e-05, 5.7e-05, -0.0, -6e-05, 0.0484, 0.998829, 0.37472, 5.2e-05, -0.998827, 0.0484, 0.0, 0.0, 0.0, 0.0, 1.0],
                [1.0, 7e-06, 1.5e-05, -0.0, -1.7e-05, 0.485157, 0.874426, 0.37472, -1e-06, -0.874428, 0.485157, 0.0, 0.0, 0.0, 0.0, 1.0],
                [1.0, 1e-06, 2e-06, -0.0, -2e-06, 0.738976, 0.673732, 0.37472, -1e-06, -0.673732, 0.738976, 0.0, 0.0, 0.0, 0.0, 1.0],
                [1.0, -0.0, 1e-06, 0.0, -1e-06, 0.799221, 0.601038, 0.37472, -1e-06, -0.601038, 0.799221, -0.0, 0.0, 0.0, 0.0, 1.0],
                [1.0, -1e-06, 3e-06, -0.0, -1e-06, 0.783393, 0.621527, 0.37472, -2e-06, -0.621527, 0.783393, -0.0, 0.0, 0.0, 0.0, 1.0],
                [1.0, -5e-06, 2e-06, -0.0, 2e-06, 0.771249, 0.636534, 0.37472, -4e-06, -0.636534, 0.771249, -0.0, 0.0, 0.0, 0.0, 1.0],
                [1.0, -1.6e-05, 0.0, -0.0, 1.3e-05, 0.821871, 0.569674, 0.37472, -9e-06, -0.569674, 0.82187, 0.0, 0.0, 0.0, 0.0, 1.0],
                [1.0, -1.1e-05, 4e-06, -0.0, 8e-06, 0.884038, 0.467418, 0.37472, -9e-06, -0.467419, 0.884035, -0.0, 0.0, 0.0, 0.0, 1.0],
                [1.0, -6e-06, 5e-06, 0.0, 3e-06, 0.844154, 0.536101, 0.37472, -7e-06, -0.536101, 0.844153, 0.0, 0.0, 0.0, 0.0, 1.0],
                [1.0, -2e-06, 3e-06, -0.0, -0.0, 0.896214, 0.443622, 0.37472, -4e-06, -0.443622, 0.896214, 0.0, 0.0, 0.0, 0.0, 1.0],
                [1.0, -1e-06, 2e-06, -0.0, -0.0, 0.922579, 0.385809, 0.37472, -2e-06, -0.38581, 0.922578, 0.0, 0.0, 0.0, 0.0, 1.0],
                [1.0, -0.0, 1e-06, -0.0, 0.0, 0.940835, 0.338865, 0.37472, -1e-06, -0.338866, 0.940835, -0.0, 0.0, 0.0, 0.0, 1.0],
                [1.0, -0.0, 1e-06, -0.0, -0.0, 0.979449, 0.201692, 0.37472, -1e-06, -0.201692, 0.979449, -0.0, 0.0, 0.0, 0.0, 1.0],
                [1.0, -0.0, 1e-06, -0.0, 0.0, 0.988638, 0.150318, 0.37472, -1e-06, -0.150317, 0.988638, -0.0, 0.0, 0.0, 0.0, 1.0],
                [1.0, 0.0, 3e-06, -0.0, -1e-06, 0.967731, 0.251983, 0.37472, -3e-06, -0.251982, 0.967732, 0.0, 0.0, 0.0, 0.0, 1.0],
                [1.0, 1e-06, 6e-06, 0.0, -4e-06, 0.895398, 0.445266, 0.37472, -5e-06, -0.445265, 0.895399, 0.0, 0.0, 0.0, 0.0, 1.0],
                [1.0, -1e-06, 3e-06, 0.0, -1e-06, 0.849484, 0.527614, 0.37472, -3e-06, -0.527614, 0.849484, 0.0, 0.0, 0.0, 0.0, 1.0],
                [1.0, -1e-06, 0.0, 0.0, 0.0, 0.391876, 0.920018, 0.37472, -1e-06, -0.920018, 0.391876, 0.0, 0.0, 0.0, 0.0, 1.0],
                [1.0, -5e-06, 1e-06, -0.0, -0.0, 0.031178, 0.999512, 0.37472, -5e-06, -0.999515, 0.031178, -0.0, 0.0, 0.0, 0.0, 1.0],
                [1.0, -1e-05, -0.0, 0.0, 1e-06, 0.046092, 0.998937, 0.37472, -1e-05, -0.998937, 0.046092, -0.0, 0.0, 0.0, 0.0, 1.0],
                [1.0, -9e-06, 1e-06, 0.0, -0.0, 0.078089, 0.996947, 0.37472, -9e-06, -0.996946, 0.078089, 0.0, 0.0, 0.0, 0.0, 1.0],
                [1.0, -4e-06, 2e-06, 0.0, -2e-06, 0.028438, 0.999594, 0.37472, -4e-06, -0.999597, 0.028438, -0.0, 0.0, 0.0, 0.0, 1.0],
                [1.0, -3e-06, 2e-06, -0.0, -2e-06, -0.000269, 0.999998, 0.37472, -3e-06, -1.000002, -0.000269, -0.0, 0.0, 0.0, 0.0, 1.0],
                [1.0, -2e-06, 1e-06, -0.0, -1e-06, -0.025339, 0.999677, 0.37472, -2e-06, -0.999681, -0.025338, 0.0, 0.0, 0.0, 0.0, 1.0],
                [1.0, -2e-06, 1e-06, -0.0, -1e-06, -0.038642, 0.999252, 0.37472, -2e-06, -0.999255, -0.038642, 0.0, 0.0, 0.0, 0.0, 1.0],
                [1.0, -2e-06, 1e-06, 0.0, -1e-06, -0.045916, 0.998944, 0.37472, -2e-06, -0.998947, -0.045916, -0.0, 0.0, 0.0, 0.0, 1.0],
                [1.0, -2e-06, 1e-06, 0.0, -1e-06, -0.058035, 0.998313, 0.37472, -2e-06, -0.998316, -0.058035, 0.0, 0.0, 0.0, 0.0, 1.0],
                [1.0, -2e-06, 1e-06, -0.0, -1e-06, -0.06642, 0.99779, 0.37472, -1e-06, -0.997793, -0.06642, -0.0, 0.0, 0.0, 0.0, 1.0],
                [1.0, -1e-06, 1e-06, -0.0, -1e-06, -0.070285, 0.997526, 0.37472, -1e-06, -0.997528, -0.070285, -0.0, 0.0, 0.0, 0.0, 1.0],
                [1.0, -1e-06, 1e-06, 0.0, -1e-06, -0.087565, 0.996158, 0.37472, -1e-06, -0.99616, -0.087565, 0.0, 0.0, 0.0, 0.0, 1.0],
                [1.0, -1e-06, 1e-06, -0.0, -1e-06, -0.130495, 0.991448, 0.37472, -1e-06, -0.99145, -0.130494, 0.0, 0.0, 0.0, 0.0, 1.0],
                [1.0, -1e-06, 1e-06, 0.0, -1e-06, -0.15653, 0.987672, 0.37472, -1e-06, -0.987674, -0.15653, 0.0, 0.0, 0.0, 0.0, 1.0],
                [1.0, -1e-06, 0.0, 0.0, -1e-06, -0.139722, 0.99019, 0.37472, -1e-06, -0.990192, -0.139722, -0.0, 0.0, 0.0, 0.0, 1.0],
                [1.0, -1e-06, 0.0, 0.0, -0.0, 0.000785, 0.999999, 0.37472, -1e-06, -1.0, 0.000785, 0.0, 0.0, 0.0, 0.0, 1.0],
                [1.0, -0.0, 0.0, 0.0, 0.0, 0.142478, 0.989798, 0.37472, -0.0, -0.989798, 0.142478, 0.0, 0.0, 0.0, 0.0, 1.0],
                [1.0, -0.0, 0.0, -0.0, -0.0, 0.389252, 0.921132, 0.37472, -0.0, -0.921131, 0.389252, 0.0, 0.0, 0.0, 0.0, 1.0],
                [1.0, 0.0, 2e-06, 0.0, -1e-06, 0.580645, 0.814157, 0.37472, -1e-06, -0.814157, 0.580645, 0.0, 0.0, 0.0, 0.0, 1.0],
                [1.0, 1e-06, 3e-06, -0.0, -3e-06, 0.638645, 0.769501, 0.37472, -1e-06, -0.769501, 0.638645, -0.0, 0.0, 0.0, 0.0, 1.0],
                [1.0, 1e-06, 5e-06, 0.0, -5e-06, 0.67601, 0.736892, 0.37472, -3e-06, -0.736892, 0.67601, -0.0, 0.0, 0.0, 0.0, 1.0],
                [1.0, 1e-06, 8e-06, -0.0, -7e-06, 0.660372, 0.750939, 0.37472, -5e-06, -0.750939, 0.660372, -0.0, 0.0, 0.0, 0.0, 1.0],
                [1.0, -0.0, 9e-06, 0.0, -7e-06, 0.63404, 0.7733, 0.37472, -6e-06, -0.7733, 0.63404, 0.0, 0.0, 0.0, 0.0, 1.0],
                [1.0, -3e-06, 8e-06, -0.0, -5e-06, 0.574756, 0.818324, 0.37472, -7e-06, -0.818325, 0.574756, 0.0, 0.0, 0.0, 0.0, 1.0],
                [1.0, -4e-06, 7e-06, -0.0, -4e-06, 0.499245, 0.866461, 0.37472, -7e-06, -0.866461, 0.499245, 0.0, 0.0, 0.0, 0.0, 1.0],
                [1.0, -4e-06, 6e-06, -0.0, -3e-06, 0.50166, 0.865065, 0.37472, -7e-06, -0.865065, 0.50166, 0.0, 0.0, 0.0, 0.0, 1.0],
                [1.0, -0.0, -0.0, -0.0, 0.0, 0.663722, 0.747979, 0.37472, -0.0, -0.747979, 0.663723, 0.0, 0.0, 0.0, 0.0, 1.0]
            ]
        },
        {
            "name": "Knee_L",
            "time": [0.0, 1.875],
            "transform": [
                [1.0, 0.0, -0.0, -0.0, -0.0, 1e-06, -1.0, 0.37472, -0.0, 1.0, 1e-06, 0.0, 0.0, 0.0, 0.0, 1.0],
                [1.0, 0.0, -0.0, -0.0, -0.0, 1e-06, -1.0, 0.37472, -0.0, 1.0, 1e-06, 0.0, 0.0, 0.0, 0.0, 1.0]
            ]
        },
        {
            "name": "Torso",
            "time": [0.0, 0.0417, 0.0833, 0.125, 0.1667, 0.2083, 0.25, 0.2917, 0.3333, 0.375, 0.4167, 0.4583, 0.5, 0.5417, 0.5833, 0.625, 0.6667, 0.7083, 0.75, 0.7917, 0.8333, 0.875, 0.9167, 0.9583, 1.0, 1.0417, 1.0833, 1.125, 1.1667, 1.2083, 1.25, 1.2917, 1.3333, 1.375, 1.4167, 1.4583, 1.5, 1.5417, 1.5833, 1.625, 1.6667, 1.7083, 1.75, 1.7917, 1.875],
            "transform": [
                [0.705891, 0.089007, 0.702706, 0.0, 0.001273, 0.991912, -0.126917, 0.05, -0.708319, 0.090484, 0.700068, 0.0, 0.0, 0.0, 0.0, 1.0],
                [0.939113, 0.022841, 0.342848, 0.0, 0.070843, 0.96348, -0.258238, 0.05, -0.336225, 0.266803, 0.903199, 0.0, 0.0, 0.0, 0.0, 1.0],
                [0.999276, -0.033639, -0.017762, 0.0, 0.02731, 0.959435, -0.280603, 0.05, 0.026481, 0.279914, 0.95966, 0.0, 0.0, 0.0, 0.0, 1.0],
                [0.956031, 0.038824, -0.290683, 0.0, -0.112857, 0.963569, -0.242481, 0.05, 0.270679, 0.264626, 0.925584, -0.0, 0.0, 0.0, 0.0, 1.0],
                [0.957212, 0.108924, -0.268105, 0.0, -0.178457, 0.951508, -0.250572, 0.05, 0.22781, 0.287696, 0.930233, 0.0, 0.0, 0.0, 0.0, 1.0],
                [0.993264, 0.066221, 0.095088, 0.0, -0.032924, 0.948076, -0.316334, 0.05, -0.111099, 0.311073, 0.94387, -0.0, 0.0, 0.0, 0.0, 1.0],
                [0.879583, 0.166336, 0.44572, 0.0, 0.003504, 0.934596, -0.355693, 0.05, -0.475732, 0.314424, 0.821472, -0.0, 0.0, 0.0, 0.0, 1.0],
                [0.895818, 0.231507, 0.379361, -0.0, -0.108269, 0.941572, -0.318935, 0.05, -0.431031, 0.244634, 0.868542, -0.0, 0.0, 0.0, 0.0, 1.0],
                [0.966638, 0.194773, 0.166356, -0.0, -0.144361, 0.950742, -0.274315, 0.05, -0.211591, 0.241148, 0.947141, -0.0, 0.0, 0.0, 0.0, 1.0],
                [0.985264, 0.166239, -0.040232, -0.0, -0.170878, 0.946537, -0.27362, 0.05, -0.007405, 0.276463, 0.960996, 0.0, 0.0, 0.0, 0.0, 1.0],
                [0.979045, 0.13811, -0.149652, -0.0, -0.174272, 0.948412, -0.264846, 0.05, 0.105354, 0.285376, 0.952607, -0.0, 0.0, 0.0, 0.0, 1.0],
                [0.963567, 0.074493, -0.256884, -0.0, -0.138244, 0.960904, -0.239902, 0.05, 0.22897, 0.266675, 0.936193, 0.0, 0.0, 0.0, 0.0, 1.0],
                [0.926968, 0.090691, -0.364012, -0.0, -0.153322, 0.977184, -0.146981, 0.05, 0.342377, 0.192058, 0.919724, 0.0, 0.0, 0.0, 0.0, 1.0],
                [0.892341, 0.125784, -0.43348, -0.0, -0.166855, 0.984282, -0.057868, 0.05, 0.419388, 0.123967, 0.899303, 0.0, 0.0, 0.0, 0.0, 1.0],
                [0.805351, 0.222645, -0.549398, -0.0, -0.205166, 0.974198, 0.094047, 0.05, 0.556162, 0.036977, 0.830251, 0.0, 0.0, 0.0, 0.0, 1.0],
                [0.736503, 0.255455, -0.626344, -0.0, -0.188166, 0.966773, 0.17304, 0.05, 0.649737, -0.009588, 0.760099, -0.0, 0.0, 0.0, 0.0, 1.0],
                [0.853948, 0.101368, -0.51039, -0.0, -0.140605, 0.989306, -0.038766, 0.05, 0.501002, 0.104868, 0.859069, -0.0, 0.0, 0.0, 0.0, 1.0],
                [0.988931, -0.031814, -0.144921, -0.0, -0.002048, 0.97372, -0.227739, 0.05, 0.148358, 0.225515, 0.962877, -0.0, 0.0, 0.0, 0.0, 1.0],
                [0.984995, -0.114365, 0.12925, 0.0, 0.134578, 0.977839, -0.160371, 0.05, -0.108045, 0.175359, 0.978558, 0.0, 0.0, 0.0, 0.0, 1.0],
                [0.966144, -0.113215, 0.231835, 0.0, 0.128217, 0.990452, -0.050648, 0.05, -0.223887, 0.078659, 0.971436, 0.0, 0.0, 0.0, 0.0, 1.0],
                [0.975815, -0.071769, 0.206482, 0.0, 0.07357, 0.997289, -0.001047, 0.05, -0.205847, 0.016212, 0.97845, 0.0, 0.0, 0.0, 0.0, 1.0],
                [0.993588, -0.074946, 0.084645, -0.0, 0.083436, 0.991313, -0.10167, 0.05, -0.07629, 0.10808, 0.99121, -0.0, 0.0, 0.0, 0.0, 1.0],
                [0.994922, -0.092993, 0.038508, 0.0, 0.098063, 0.981792, -0.162689, 0.05, -0.022678, 0.165639, 0.985926, -0.0, 0.0, 0.0, 0.0, 1.0],
                [0.994909, -0.099801, 0.013994, 0.0, 0.100582, 0.97473, -0.19946, 0.05, 0.006266, 0.199852, 0.979806, -0.0, 0.0, 0.0, 0.0, 1.0],
                [0.995334, -0.09648, 0.001284, 0.0, 0.094597, 0.97312, -0.209976, 0.05, 0.019009, 0.209117, 0.977706, -0.0, 0.0, 0.0, 0.0, 1.0],
                [0.995638, -0.093119, -0.00569, 0.0, 0.089776, 0.972914, -0.213021, 0.05, 0.025372, 0.211581, 0.977031, -0.0, 0.0, 0.0, 0.0, 1.0],
                [0.995999, -0.088153, -0.014645, 0.0, 0.083038, 0.97356, -0.212805, 0.05, 0.033017, 0.210737, 0.976985, -0.0, 0.0, 0.0, 0.0, 1.0],
                [0.996343, -0.081946, -0.024183, 0.0, 0.075132, 0.975089, -0.2087, 0.05, 0.040683, 0.20612, 0.977681, -0.0, 0.0, 0.0, 0.0, 1.0],
                [0.996839, -0.073153, -0.031002, 0.0, 0.065505, 0.977531, -0.200354, 0.05, 0.044962, 0.19769, 0.979233, -0.0, 0.0, 0.0, 0.0, 1.0],
                [0.997268, -0.059604, -0.043635, 0.0, 0.050875, 0.982476, -0.17931, 0.05, 0.053558, 0.1766, 0.982824, -0.0, 0.0, 0.0, 0.0, 1.0],
                [0.99609, -0.066838, -0.057771, 0.0, 0.058184, 0.988397, -0.140305, 0.05, 0.066478, 0.136395, 0.988421, -0.0, 0.0, 0.0, 0.0, 1.0],
                [0.994545, -0.083543, -0.062453, -0.0, 0.075766, 0.990126, -0.117943, 0.05, 0.071689, 0.112568, 0.991055, -0.0, 0.0, 0.0, 0.0, 1.0],
                [0.992031, -0.102586, -0.073143, 0.0, 0.094589, 0.989911, -0.105497, 0.05, 0.083227, 0.097738, 0.991726, -0.0, 0.0, 0.0, 0.0, 1.0],
