{
    "animation": [
        {
            "name": "Root",
            "time": [0.0, 0.0417, 0.0833, 0.125, 0.1667, 0.2083, 0.25, 0.2917, 0.3333, 0.375, 0.4167, 0.4583, 0.5, 0.5417, 0.5833, 0.625, 0.6667, 0.7083, 0.75, 0.7917, 0.8333, 0.875, 0.9167, 0.9583, 1.0, 1.0417, 1.0833, 1.125, 1.1667, 1.2083, 1.25, 1.2917, 1.3333, 1.375, 1.4167, 1.4583, 1.5, 1.5417, 1.5833, 1.625, 1.6667, 1.7083, 1.75, 1.7917, 1.8333, 1.875, 1.9167, 1.9583, 2.0, 2.0417, 2.0833, 2.125, 2.1667, 2.2083, 2.25, 2.2917, 2.3333, 2.375, 2.4167, 2.4583, 2.5],
            "transform": [
                [-0.0, 0.0, 1.0, -0.000231, 1.0, -0.0, 0.0, 0.00022, 0.0, 1.0, 0.0, 0.494009, 0.0, 0.0, 0.0, 1.0],
                [-0.0, 0.0, 1.0, -0.000237, 1.0, -0.0, 0.0, 0.000224, 0.0, 1.0, 0.0, 0.494009, 0.0, 0.0, 0.0, 1.0],
                [-0.0, 0.0, 1.0, -0.000257, 1.0, -0.0, 0.0, 0.000242, 0.0, 1.0, 0.0, 0.494009, 0.0, 0.0, 0.0, 1.0],
                [-0.0, 0.0, 1.0, -0.000292, 1.0, -0.0, 0.0, 0.000272, 0.0, 1.0, 0.0, 0.494009, 0.0, 0.0, 0.0, 1.0],
                [-0.0, 0.0, 1.0, -0.000334, 1.0, -0.0, 0.0, 0.000308, 0.0, 1.0, 0.0, 0.494009, 0.0, 0.0, 0.0, 1.0],
                [-0.0, 0.0, 1.0, -0.000387, 1.0, -0.0, 0.0, 0.000353, 0.0, 1.0, 0.0, 0.494009, 0.0, 0.0, 0.0, 1.0],
                [-0.0, 0.0, 1.0, -0.000464, 1.0, -0.0, 0.0, 0.000418, 0.0, 1.0, 0.0, 0.494009, 0.0, 0.0, 0.0, 1.0],
                [-0.0, 0.0, 1.0, -0.000554, 1.0, -0.0, 0.0, 0.000495, 0.0, 1.0, 0.0, 0.494009, 0.0, 0.0, 0.0, 1.0],
                [-0.0, 0.0, 1.0, -0.000643, 1.0, -0.0, 0.0, 0.000572, 0.0, 1.0, 0.0, 0.494009, 0.0, 0.0, 0.0, 1.0],
                [-0.0, 0.0, 1.0, -0.000761, 1.0, -0.0, 0.0, 0.000672, 0.0, 1.0, 0.0, 0.494009, 0.0, 0.0, 0.0, 1.0],
                [-0.0, 0.0, 1.0, -0.000891, 1.0, -0.0, 0.0, 0.000783, 0.0, 1.0, 0.0, 0.494009, 0.0, 0.0, 0.0, 1.0],
                [-0.0, 0.0, 1.0, -0.001013, 1.0, -0.0, 0.0, 0.000887, 0.0, 1.0, 0.0, 0.494009, 0.0, 0.0, 0.0, 1.0],
                [-0.0, 0.0, 1.0, -0.001143, 1.0, -0.0, 0.0, 0.000998, 0.0, 1.0, 0.0, 0.494009, 0.0, 0.0, 0.0, 1.0],
                [-0.0, 0.0, 1.0, -0.001306, 1.0, -0.0, 0.0, 0.001137, 0.0, 1.0, 0.0, 0.494009, 0.0, 0.0, 0.0, 1.0],
                [-0.0, 0.0, 1.0, -0.001477, 1.0, -0.0, 0.0, 0.001283, 0.0, 1.0, 0.0, 0.494009, 0.0, 0.0, 0.0, 1.0],
                [-0.0, 0.0, 1.0, -0.00163, 1.0, -0.0, 0.0, 0.001414, 0.0, 1.0, 0.0, 0.494009, 0.0, 0.0, 0.0, 1.0],
                [-0.0, 0.0, 1.0, -0.001788, 1.0, -0.0, 0.0, 0.001548, 0.0, 1.0, 0.0, 0.494009, 0.0, 0.0, 0.0, 1.0],
                [-0.0, 0.0, 1.0, -0.001977, 1.0, -0.0, 0.0, 0.00171, 0.0, 1.0, 0.0, 0.494009, 0.0, 0.0, 0.0, 1.0],
                [-0.0, 0.0, 1.0, -0.00217, 1.0, -0.0, 0.0, 0.001874, 0.0, 1.0, 0.0, 0.494009, 0.0, 0.0, 0.0, 1.0],
                [-0.0, 0.0, 1.0, -0.002336, 1.0, -0.0, 0.0, 0.002016, 0.0, 1.0, 0.0, 0.494009, 0.0, 0.0, 0.0, 1.0],
                [-0.0, 0.0, 1.0, -0.002502, 1.0, -0.0, 0.0, 0.002157, 0.0, 1.0, 0.0, 0.494009, 0.0, 0.0, 0.0, 1.0],
                [-0.0, 0.0, 1.0, -0.002693, 1.0, -0.0, 0.0, 0.002321, 0.0, 1.0, 0.0, 0.494009, 0.0, 0.0, 0.0, 1.0],
                [-0.0, 0.0, 1.0, -0.002881, 1.0, -0.0, 0.0, 0.002481, 0.0, 1.0, 0.0, 0.494009, 0.0, 0.0, 0.0, 1.0],
                [-0.0, 0.0, 1.0, -0.003038, 1.0, -0.0, 0.0, 0.002615, 0.0, 1.0, 0.0, 0.494009, 0.0, 0.0, 0.0, 1.0],
                [-0.0, 0.0, 1.0, -0.003189, 1.0, -0.0, 0.0, 0.002744, 0.0, 1.0, 0.0, 0.494009, 0.0, 0.0, 0.0, 1.0],
                [-0.0, 0.0, 1.0, -0.003358, 1.0, -0.0, 0.0, 0.002888, 0.0, 1.0, 0.0, 0.494009, 0.0, 0.0, 0.0, 1.0],
                [-0.0, 0.0, 1.0, -0.003517, 1.0, -0.0, 0.0, 0.003024, 0.0, 1.0, 0.0, 0.494009, 0.0, 0.0, 0.0, 1.0],
                [-0.0, 0.0, 1.0, -0.003645, 1.0, -0.0, 0.0, 0.003133, 0.0, 1.0, 0.0, 0.494009, 0.0, 0.0, 0.0, 1.0],
                [-0.0, 0.0, 1.0, -0.003783, 1.0, -0.0, 0.0, 0.00325, 0.0, 1.0, 0.0, 0.494009, 0.0, 0.0, 0.0, 1.0],
                [-0.0, 0.0, 1.0, -0.003908, 1.0, -0.0, 0.0, 0.003357, 0.0, 1.0, 0.0, 0.494009, 0.0, 0.0, 0.0, 1.0],
                [-0.0, 0.0, 1.0, -0.004004, 1.0, -0.0, 0.0, 0.003439, 0.0, 1.0, 0.0, 0.494009, 0.0, 0.0, 0.0, 1.0],
                [-0.0, 0.0, 1.0, -0.00409, 1.0, -0.0, 0.0, 0.003512, 0.0, 1.0, 0.0, 0.494009, 0.0, 0.0, 0.0, 1.0],
                [-0.0, 0.0, 1.0, -0.004176, 1.0, -0.0, 0.0, 0.003586, 0.0, 1.0, 0.0, 0.494009, 0.0, 0.0, 0.0, 1.0],
                [-0.0, 0.0, 1.0, -0.004248, 1.0, -0.0, 0.0, 0.003647, 0.0, 1.0, 0.0, 0.494009, 0.0, 0.0, 0.0, 1.0],
                [-0.0, 0.0, 1.0, -0.004298, 1.0, -0.0, 0.0, 0.00369, 0.0, 1.0, 0.0, 0.494009, 0.0, 0.0, 0.0, 1.0],
                [-0.0, 0.0, 1.0, -0.004336, 1.0, -0.0, 0.0, 0.003722, 0.0, 1.0, 0.0, 0.494009, 0.0, 0.0, 0.0, 1.0],
                [-0.0, 0.0, 1.0, -0.004366, 1.0, -0.0, 0.0, 0.003748, 0.0, 1.0, 0.0, 0.494009, 0.0, 0.0, 0.0, 1.0],
                [-0.0, 0.0, 1.0, -0.004379, 1.0, -0.0, 0.0, 0.003759, 0.0, 1.0, 0.0, 0.494009, 0.0, 0.0, 0.0, 1.0],
                [-0.0, 0.0, 1.0, -0.004375, 1.0, -0.0, 0.0, 0.003755, 0.0, 1.0, 0.0, 0.494009, 0.0, 0.0, 0.0, 1.0],
                [-0.0, 0.0, 1.0, -0.00436, 1.0, -0.0, 0.0, 0.003743, 0.0, 1.0, 0.0, 0.494009, 0.0, 0.0, 0.0, 1.0],
                [-0.0, 0.0, 1.0, -0.004296, 1.0, -0.0, 0.0, 0.003688, 0.0, 1.0, 0.0, 0.494009, 0.0, 0.0, 0.0, 1.0],
                [-0.0, 0.0, 1.0, -0.004196, 1.0, -0.0, 0.0, 0.003603, 0.0, 1.0, 0.0, 0.494009, 0.0, 0.0, 0.0, 1.0],
                [-0.0, 0.0, 1.0, -0.004079, 1.0, -0.0, 0.0, 0.003503, 0.0, 1.0, 0.0, 0.494009, 0.0, 0.0, 0.0, 1.0],
                [-0.0, 0.0, 1.0, -0.003908, 1.0, -0.0, 0.0, 0.003357, 0.0, 1.0, 0.0, 0.494009, 0.0, 0.0, 0.0, 1.0],
                [-0.0, 0.0, 1.0, -0.003703, 1.0, -0.0, 0.0, 0.003183, 0.0, 1.0, 0.0, 0.494009, 0.0, 0.0, 0.0, 1.0],
                [-0.0, 0.0, 1.0, -0.003502, 1.0, -0.0, 0.0, 0.003011, 0.0, 1.0, 0.0, 0.494009, 0.0, 0.0, 0.0, 1.0],
                [-0.0, 0.0, 1.0, -0.00328, 1.0, -0.0, 0.0, 0.002822, 0.0, 1.0, 0.0, 0.494009, 0.0, 0.0, 0.0, 1.0],
                [-0.0, 0.0, 1.0, -0.003, 1.0, -0.0, 0.0, 0.002582, 0.0, 1.0, 0.0, 0.494009, 0.0, 0.0, 0.0, 1.0],
                [-0.0, 0.0, 1.0, -0.002703, 1.0, -0.0, 0.0, 0.002329, 0.0, 1.0, 0.0, 0.494009, 0.0, 0.0, 0.0, 1.0],
                [-0.0, 0.0, 1.0, -0.002441, 1.0, -0.0, 0.0, 0.002105, 0.0, 1.0, 0.0, 0.494009, 0.0, 0.0, 0.0, 1.0],
                [-0.0, 0.0, 1.0, -0.002176, 1.0, -0.0, 0.0, 0.001879, 0.0, 1.0, 0.0, 0.494009, 0.0, 0.0, 0.0, 1.0],
                [-0.0, 0.0, 1.0, -0.00187, 1.0, -0.0, 0.0, 0.001618, 0.0, 1.0, 0.0, 0.494009, 0.0, 0.0, 0.0, 1.0],
                [-0.0, 0.0, 1.0, -0.001575, 1.0, -0.0, 0.0, 0.001366, 0.0, 1.0, 0.0, 0.494009, 0.0, 0.0, 0.0, 1.0],
                [-0.0, 0.0, 1.0, -0.001336, 1.0, -0.0, 0.0, 0.001163, 0.0, 1.0, 0.0, 0.494009, 0.0, 0.0, 0.0, 1.0],
                [-0.0, 0.0, 1.0, -0.001114, 1.0, -0.0, 0.0, 0.000973, 0.0, 1.0, 0.0, 0.494009, 0.0, 0.0, 0.0, 1.0],
                [-0.0, 0.0, 1.0, -0.000882, 1.0, -0.0, 0.0, 0.000776, 0.0, 1.0, 0.0, 0.494009, 0.0, 0.0, 0.0, 1.0],
                [-0.0, 0.0, 1.0, -0.000681, 1.0, -0.0, 0.0, 0.000604, 0.0, 1.0, 0.0, 0.494009, 0.0, 0.0, 0.0, 1.0],
                [-0.0, 0.0, 1.0, -0.000537, 1.0, -0.0, 0.0, 0.000481, 0.0, 1.0, 0.0, 0.494009, 0.0, 0.0, 0.0, 1.0],
                [-0.0, 0.0, 1.0, -0.000404, 1.0, -0.0, 0.0, 0.000368, 0.0, 1.0, 0.0, 0.494009, 0.0, 0.0, 0.0, 1.0],
                [-0.0, 0.0, 1.0, -0.000308, 1.0, -0.0, 0.0, 0.000285, 0.0, 1.0, 0.0, 0.494009, 0.0, 0.0, 0.0, 1.0],
                [-0.0, 0.0, 1.0, -0.000262, 1.0, -0.0, 0.0, 0.000247, 0.0, 1.0, 0.0, 0.494009, 0.0, 0.0, 0.0, 1.0]
            ]
        },
        {
            "name": "Thigh_R",
            "time": [0.0, 0.0417, 0.0833, 0.125, 0.1667, 0.2083, 0.25, 0.2917, 0.3333, 0.375, 0.4167, 0.4583, 0.5, 0.5417, 0.5833, 0.625, 0.6667, 0.7083, 0.75, 0.7917, 0.8333, 0.875, 0.9167, 0.9583, 1.0, 1.0417, 1.0833, 1.125, 1.1667, 1.2083, 1.25, 1.2917, 1.3333, 1.375, 1.4167, 1.4583, 1.5, 1.5417, 1.5833, 1.625, 1.6667, 1.7083, 1.75, 1.7917, 1.8333, 1.875, 1.9167, 1.9583, 2.0, 2.0417, 2.0833, 2.125, 2.1667, 2.2083, 2.25, 2.2917, 2.3333, 2.375, 2.4167, 2.4583, 2.5],
            "transform": [
                [0.386889, 0.581651, 0.715541, 0.10801, 0.462337, -0.793745, 0.395239, 0.073363, 0.797848, 0.177908, -0.57601, 0.087026, 0.0, 0.0, 0.0, 1.0],
                [0.387098, 0.581451, 0.71559, 0.108009, 0.4622, -0.793911, 0.395064, 0.073363, 0.797826, 0.177817, -0.576068, 0.087026, 0.0, 0.0, 0.0, 1.0],
                [0.387426, 0.581332, 0.71551, 0.10801, 0.46205, -0.794051, 0.394959, 0.073363, 0.797754, 0.177585, -0.576241, 0.087026, 0.0, 0.0, 0.0, 1.0],
                [0.387928, 0.581176, 0.715365, 0.10801, 0.462025, -0.794204, 0.39468, 0.073363, 0.797524, 0.177409, -0.576612, 0.087026, 0.0, 0.0, 0.0, 1.0],
                [0.388683, 0.58083, 0.715235, 0.108009, 0.46182, -0.794533, 0.394258, 0.073363, 0.797275, 0.177069, -0.577061, 0.087026, 0.0, 0.0, 0.0, 1.0],
                [0.389622, 0.580406, 0.715068, 0.108009, 0.461563, -0.794938, 0.393741, 0.073363, 0.796965, 0.176639, -0.57762, 0.087026, 0.0, 0.0, 0.0, 1.0],
                [0.390916, 0.57982, 0.714838, 0.108009, 0.461256, -0.795486, 0.392994, 0.073363, 0.79651, 0.176096, -0.578413, 0.087026, 0.0, 0.0, 0.0, 1.0],
                [0.392408, 0.579116, 0.714591, 0.108009, 0.460889, -0.796135, 0.39211, 0.073363, 0.795988, 0.17548, -0.579318, 0.087026, 0.0, 0.0, 0.0, 1.0],
                [0.393808, 0.578433, 0.714374, 0.108009, 0.46056, -0.796751, 0.391245, 0.073363, 0.795487, 0.174938, -0.58017, 0.087026, 0.0, 0.0, 0.0, 1.0],
                [0.395523, 0.577561, 0.714132, 0.10801, 0.460187, -0.797516, 0.390124, 0.073363, 0.794852, 0.174332, -0.581221, 0.087026, 0.0, 0.0, 0.0, 1.0],
                [0.397261, 0.576631, 0.713919, 0.10801, 0.459838, -0.798308, 0.388914, 0.073363, 0.794187, 0.173787, -0.582293, 0.087026, 0.0, 0.0, 0.0, 1.0],
                [0.398721, 0.575803, 0.713773, 0.10801, 0.459579, -0.798988, 0.387821, 0.073363, 0.793605, 0.173403, -0.5832, 0.087026, 0.0, 0.0, 0.0, 1.0],
                [0.400108, 0.574968, 0.71367, 0.10801, 0.459367, -0.799652, 0.386703, 0.073363, 0.793029, 0.173114, -0.584068, 0.087026, 0.0, 0.0, 0.0, 1.0],
                [0.401565, 0.574018, 0.713617, 0.10801, 0.459196, -0.800375, 0.385407, 0.073363, 0.792392, 0.172924, -0.584989, 0.087026, 0.0, 0.0, 0.0, 1.0],
                [0.402837, 0.573111, 0.713629, 0.10801, 0.459107, -0.801034, 0.384143, 0.073363, 0.791797, 0.172885, -0.585805, 0.087026, 0.0, 0.0, 0.0, 1.0],
                [0.403728, 0.572409, 0.713688, 0.108009, 0.459131, -0.80151, 0.383119, 0.073363, 0.791329, 0.173001, -0.586403, 0.087026, 0.0, 0.0, 0.0, 1.0],
                [0.404377, 0.571842, 0.713776, 0.10801, 0.459314, -0.80185, 0.382186, 0.073363, 0.790892, 0.1733, -0.586905, 0.087026, 0.0, 0.0, 0.0, 1.0],
                [0.404687, 0.571495, 0.713878, 0.10801, 0.459929, -0.801937, 0.381264, 0.073363, 0.790376, 0.17404, -0.587381, 0.087026, 0.0, 0.0, 0.0, 1.0],
                [0.404881, 0.571052, 0.714122, 0.10801, 0.460407, -0.802091, 0.380363, 0.073363, 0.789998, 0.174785, -0.587667, 0.087026, 0.0, 0.0, 0.0, 1.0],
                [0.404926, 0.570789, 0.714307, 0.10801, 0.460672, -0.802177, 0.379858, 0.073363, 0.78982, 0.175248, -0.587769, 0.087026, 0.0, 0.0, 0.0, 1.0],
                [0.404838, 0.570609, 0.714501, 0.108009, 0.460821, -0.802229, 0.379568, 0.073363, 0.789779, 0.175594, -0.587721, 0.087026, 0.0, 0.0, 0.0, 1.0],
                [0.404497, 0.570469, 0.714806, 0.108009, 0.460803, -0.802267, 0.37951, 0.073363, 0.789964, 0.175875, -0.587388, 0.087026, 0.0, 0.0, 0.0, 1.0],
                [0.404087, 0.570157, 0.715286, 0.10801, 0.460755, -0.802395, 0.379298, 0.073363, 0.790201, 0.176302, -0.586941, 0.087026, 0.0, 0.0, 0.0, 1.0],
                [0.403545, 0.569803, 0.715874, 0.10801, 0.460618, -0.802549, 0.379139, 0.073363, 0.790559, 0.176745, -0.586326, 0.087026, 0.0, 0.0, 0.0, 1.0],
                [0.402785, 0.569517, 0.716529, 0.10801, 0.460563, -0.802623, 0.37905, 0.073363, 0.790978, 0.177332, -0.585583, 0.087026, 0.0, 0.0, 0.0, 1.0],
                [0.401491, 0.569411, 0.71734, 0.10801, 0.460767, -0.80248, 0.379104, 0.073363, 0.791516, 0.17832, -0.584554, 0.087026, 0.0, 0.0, 0.0, 1.0],
                [0.399983, 0.56934, 0.718238, 0.108009, 0.460966, -0.802292, 0.379259, 0.073363, 0.792164, 0.179386, -0.58335, 0.087026, 0.0, 0.0, 0.0, 1.0],
                [0.398524, 0.569299, 0.719081, 0.108009, 0.461148, -0.802097, 0.37945, 0.073363, 0.792793, 0.180383, -0.582186, 0.087026, 0.0, 0.0, 0.0, 1.0],
                [0.396646, 0.569277, 0.720136, 0.108009, 0.461345, -0.801838, 0.379758, 0.073363, 0.79362, 0.181602, -0.580679, 0.087026, 0.0, 0.0, 0.0, 1.0],
                [0.394616, 0.569281, 0.721247, 0.10801, 0.461533, -0.801547, 0.380144, 0.073363, 0.794522, 0.182869, -0.579045, 0.087026, 0.0, 0.0, 0.0, 1.0],
                [0.392763, 0.569314, 0.722232, 0.108009, 0.461688, -0.801269, 0.380542, 0.073363, 0.79535, 0.183983, -0.577554, 0.087026, 0.0, 0.0, 0.0, 1.0],
                [0.390831, 0.569375, 0.723231, 0.108009, 0.461824, -0.800969, 0.381008, 0.073363, 0.796222, 0.185096, -0.575994, 0.087026, 0.0, 0.0, 0.0, 1.0],
                [0.388507, 0.569484, 0.724396, 0.108009, 0.461956, -0.800595, 0.381633, 0.073363, 0.797282, 0.186372, -0.574113, 0.087026, 0.0, 0.0, 0.0, 1.0],
                [0.386144, 0.569637, 0.725539, 0.108009, 0.46205, -0.800201, 0.382345, 0.073363, 0.798375, 0.187596, -0.572194, 0.087026, 0.0, 0.0, 0.0, 1.0],
                [0.384114, 0.569808, 0.726482, 0.10801, 0.462093, -0.799849, 0.38303, 0.073363, 0.799329, 0.188576, -0.570537, 0.087026, 0.0, 0.0, 0.0, 1.0],
                [0.382104, 0.570016, 0.727378, 0.10801, 0.4621, -0.799487, 0.383776, 0.073363, 0.800288, 0.189479, -0.568891, 0.087026, 0.0, 0.0, 0.0, 1.0],
                [0.379819, 0.570311, 0.728342, 0.108009, 0.462057, -0.799055, 0.384726, 0.073363, 0.801399, 0.19041, -0.567013, 0.087026, 0.0, 0.0, 0.0, 1.0],
                [0.377627, 0.570655, 0.729212, 0.108009, 0.461959, -0.798621, 0.385744, 0.073363, 0.802491, 0.191199, -0.565199, 0.087026, 0.0, 0.0, 0.0, 1.0],
                [0.375847, 0.570993, 0.729867, 0.108009, 0.461827, -0.798249, 0.386671, 0.073363, 0.803402, 0.191744, -0.563719, 0.087026, 0.0, 0.0, 0.0, 1.0],
                [0.374173, 0.571373, 0.730429, 0.10801, 0.461665, -0.797874, 0.387637, 0.073363, 0.804276, 0.192171, -0.562326, 0.087026, 0.0, 0.0, 0.0, 1.0],
                [0.372389, 0.571853, 0.730966, 0.10801, 0.461413, -0.797453, 0.388802, 0.073363, 0.805248, 0.192491, -0.560823, 0.087026, 0.0, 0.0, 0.0, 1.0],
                [0.370786, 0.572377, 0.73137, 0.108009, 0.461121, -0.797039, 0.389994, 0.073363, 0.806154, 0.192646, -0.559466, 0.087026, 0.0, 0.0, 0.0, 1.0],
                [0.369807, 0.572625, 0.731672, 0.10801, 0.460493, -0.796932, 0.390954, 0.073363, 0.806963, 0.192353, -0.558401, 0.087026, 0.0, 0.0, 0.0, 1.0],
                [0.368967, 0.572853, 0.731917, 0.108009, 0.459592, -0.796917, 0.392043, 0.073363, 0.807861, 0.191733, -0.557315, 0.087026, 0.0, 0.0, 0.0, 1.0],
                [0.368276, 0.573183, 0.732007, 0.10801, 0.458781, -0.796845, 0.393138, 0.073363, 0.808636, 0.191048, -0.556424, 0.087026, 0.0, 0.0, 0.0, 1.0],
                [0.367831, 0.573545, 0.731947, 0.108009, 0.45818, -0.796735, 0.39406, 0.073363, 0.809179, 0.190416, -0.555851, 0.087026, 0.0, 0.0, 0.0, 1.0],
                [0.367413, 0.573992, 0.731806, 0.10801, 0.457611, -0.796575, 0.395044, 0.073363, 0.809691, 0.189739, -0.555338, 0.087026, 0.0, 0.0, 0.0, 1.0],
                [0.367262, 0.5746, 0.731405, 0.10801, 0.457143, -0.796337, 0.396066, 0.073363, 0.810024, 0.188897, -0.555138, 0.087026, 0.0, 0.0, 0.0, 1.0],
                [0.367364, 0.575264, 0.730831, 0.10801, 0.456831, -0.796062, 0.396977, 0.073363, 0.810154, 0.188032, -0.555243, 0.087026, 0.0, 0.0, 0.0, 1.0],
                [0.367805, 0.575954, 0.730066, 0.108009, 0.456768, -0.795757, 0.39766, 0.073363, 0.809989, 0.18721, -0.555761, 0.087026, 0.0, 0.0, 0.0, 1.0],
                [0.368662, 0.576718, 0.72903, 0.10801, 0.456937, -0.795409, 0.398162, 0.073363, 0.809504, 0.186334, -0.556761, 0.087026, 0.0, 0.0, 0.0, 1.0],
                [0.370082, 0.577688, 0.727541, 0.108009, 0.457381, -0.794955, 0.398559, 0.073363, 0.808605, 0.185264, -0.558422, 0.087026, 0.0, 0.0, 0.0, 1.0],
                [0.371857, 0.578702, 0.725828, 0.10801, 0.458047, -0.794469, 0.398763, 0.073363, 0.807413, 0.184181, -0.560502, 0.087026, 0.0, 0.0, 0.0, 1.0],
                [0.373625, 0.579546, 0.724245, 0.10801, 0.458784, -0.794059, 0.398733, 0.073363, 0.806177, 0.183295, -0.562566, 0.087026, 0.0, 0.0, 0.0, 1.0],
                [0.3756, 0.580225, 0.722678, 0.10801, 0.459629, -0.793739, 0.398395, 0.073363, 0.804777, 0.182527, -0.564817, 0.087026, 0.0, 0.0, 0.0, 1.0],
                [0.378145, 0.580757, 0.720921, 0.108009, 0.460235, -0.793626, 0.39792, 0.073363, 0.803237, 0.181322, -0.567391, 0.087026, 0.0, 0.0, 0.0, 1.0],
                [0.38056, 0.581224, 0.719272, 0.108009, 0.460769, -0.793549, 0.397456, 0.073363, 0.801789, 0.180163, -0.569803, 0.087026, 0.0, 0.0, 0.0, 1.0],
                [0.382373, 0.581577, 0.718024, 0.10801, 0.461223, -0.793477, 0.397075, 0.073363, 0.800665, 0.179339, -0.57164, 0.087026, 0.0, 0.0, 0.0, 1.0],
                [0.384204, 0.58175, 0.716906, 0.108009, 0.461689, -0.793503, 0.396479, 0.073363, 0.799519, 0.178659, -0.573455, 0.087026, 0.0, 0.0, 0.0, 1.0],
                [0.385465, 0.581936, 0.716077, 0.10801, 0.462234, -0.793434, 0.395982, 0.073363, 0.798597, 0.178358, -0.574832, 0.087026, 0.0, 0.0, 0.0, 1.0],
                [0.386057, 0.582017, 0.715693, 0.108009, 0.462541, -0.793394, 0.395703, 0.073363, 0.798133, 0.178274, -0.575502, 0.087026, 0.0, 0.0, 0.0, 1.0]
            ]
        },
        {
            "name": "Leg_R",
            "time": [0.0, 0.0417, 0.0833, 0.125, 0.1667, 0.2083, 0.25, 0.2917, 0.3333, 0.375, 0.4167, 0.4583, 0.5, 0.5417, 0.5833, 0.625, 0.6667, 0.7083, 0.75, 0.7917, 0.8333, 0.875, 0.9167, 0.9583, 1.0, 1.0417, 1.0833, 1.125, 1.1667, 1.2083, 1.25, 1.2917, 1.3333, 1.375, 1.4167, 1.4583, 1.5, 1.5417, 1.5833, 1.625, 1.6667, 1.7083, 1.75, 1.7917, 1.8333, 1.875, 1.9167, 1.9583, 2.0, 2.0417, 2.0833, 2.125, 2.1667, 2.2083, 2.25, 2.2917, 2.3333, 2.375, 2.4167, 2.4583, 2.5],
            "transform": [
                [1.0, 0.0, 0.0, 0.0, -0.0, 0.703487, 0.710708, 0.37472, -0.0, -0.710708, 0.703487, 0.0, 0.0, 0.0, 0.0, 1.0],
                [1.0, 0.0, 0.0, 0.0, -0.0, 0.70391, 0.710289, 0.37472, 0.0, -0.710289, 0.70391, 0.0, 0.0, 0.0, 0.0, 1.0],
                [1.0, 0.0, 0.0, 0.0, -0.0, 0.704534, 0.70967, 0.37472, 0.0, -0.70967, 0.704534, 0.0, 0.0, 0.0, 0.0, 1.0],
                [1.0, 0.0, 0.0, -0.0, -0.0, 0.705467, 0.708743, 0.37472, 0.0, -0.708743, 0.705467, 0.0, 0.0, 0.0, 0.0, 1.0],
                [1.0, 0.0, 0.0, -0.0, -0.0, 0.706372, 0.707841, 0.37472, 0.0, -0.707841, 0.706372, -0.0, 0.0, 0.0, 0.0, 1.0],
                [1.0, 0.0, 0.0, -0.0, -0.0, 0.707267, 0.706946, 0.37472, -0.0, -0.706946, 0.707267, -0.0, 0.0, 0.0, 0.0, 1.0],
                [1.0, 0.0, 0.0, -0.0, -0.0, 0.70827, 0.705942, 0.37472, 0.0, -0.705942, 0.70827, -0.0, 0.0, 0.0, 0.0, 1.0],
                [1.0, 0.0, 0.0, 0.0, -0.0, 0.70931, 0.704897, 0.37472, 0.0, -0.704897, 0.70931, -0.0, 0.0, 0.0, 0.0, 1.0],
                [1.0, 0.0, 0.0, 0.0, -0.0, 0.710273, 0.703926, 0.37472, 0.0, -0.703926, 0.710273, 0.0, 0.0, 0.0, 0.0, 1.0],
                [1.0, 0.0, 0.0, -0.0, -0.0, 0.71148, 0.702707, 0.37472, -0.0, -0.702707, 0.71148, -0.0, 0.0, 0.0, 0.0, 1.0],
                [1.0, 0.0, 0.0, -0.0, -0.0, 0.712769, 0.701399, 0.37472, -0.0, -0.701399, 0.712769, 0.0, 0.0, 0.0, 0.0, 1.0],
                [1.0, 0.0, 0.0, -0.0, -0.0, 0.713963, 0.700183, 0.37472, -0.0, -0.700183, 0.713964, 0.0, 0.0, 0.0, 0.0, 1.0],
                [1.0, 0.0, 0.0, 0.0, -0.0, 0.715215, 0.698904, 0.37472, -0.0, -0.698904, 0.715215, -0.0, 0.0, 0.0, 0.0, 1.0],
                [1.0, 0.0, 0.0, 0.0, -0.0, 0.716689, 0.697393, 0.37472, -0.0, -0.697393, 0.716689, -0.0, 0.0, 0.0, 0.0, 1.0],
                [1.0, 0.0, 0.0, 0.0, -0.0, 0.718138, 0.6959, 0.37472, 0.0, -0.6959, 0.718138, 0.0, 0.0, 0.0, 0.0, 1.0],
                [1.0, 0.0, 0.0, 0.0, -0.0, 0.719373, 0.694624, 0.37472, -0.0, -0.694624, 0.719373, -0.0, 0.0, 0.0, 0.0, 1.0],
                [1.0, 0.0, 0.0, 0.0, -0.0, 0.72061, 0.69334, 0.37472, 0.0, -0.69334, 0.720611, -0.0, 0.0, 0.0, 0.0, 1.0],
                [1.0, 0.0, 0.0, 0.0, -0.0, 0.72204, 0.691851, 0.37472, 0.0, -0.691851, 0.72204, -0.0, 0.0, 0.0, 0.0, 1.0],
                [1.0, 0.0, 0.0, 0.0, -0.0, 0.723444, 0.690383, 0.37472, 0.0, -0.690383, 0.723444, -0.0, 0.0, 0.0, 0.0, 1.0],
                [1.0, 0.0, 0.0, -0.0, -0.0, 0.724652, 0.689115, 0.37472, 0.0, -0.689115, 0.724652, -0.0, 0.0, 0.0, 0.0, 1.0],
                [1.0, 0.0, 0.0, -0.0, -0.0, 0.725893, 0.687807, 0.37472, 0.0, -0.687807, 0.725893, -0.0, 0.0, 0.0, 0.0, 1.0],
                [1.0, 0.0, 0.0, -0.0, -0.0, 0.727307, 0.686312, 0.37472, 0.0, -0.686312, 0.727307, -0.0, 0.0, 0.0, 0.0, 1.0],
                [1.0, 0.0, 0.0, 0.0, -0.0, 0.728512, 0.685033, 0.37472, -0.0, -0.685033, 0.728512, -0.0, 0.0, 0.0, 0.0, 1.0],
                [1.0, 0.0, 0.0, 0.0, -0.0, 0.729374, 0.684116, 0.37472, -0.0, -0.684115, 0.729374, -0.0, 0.0, 0.0, 0.0, 1.0],
                [1.0, 0.0, 0.0, 0.0, -0.0, 0.730082, 0.68336, 0.37472, -0.0, -0.68336, 0.730082, 0.0, 0.0, 0.0, 0.0, 1.0],
                [1.0, 0.0, 0.0, -0.0, -0.0, 0.730205, 0.683228, 0.37472, 0.0, -0.683228, 0.730205, 0.0, 0.0, 0.0, 0.0, 1.0],
                [1.0, 0.0, 0.0, -0.0, 0.0, 0.730048, 0.683396, 0.37472, 0.0, -0.683396, 0.730048, 0.0, 0.0, 0.0, 0.0, 1.0],
                [1.0, 0.0, 0.0, 0.0, -0.0, 0.729913, 0.68354, 0.37472, 0.0, -0.68354, 0.729913, 0.0, 0.0, 0.0, 0.0, 1.0],
                [1.0, 0.0, 0.0, 0.0, -0.0, 0.729756, 0.683708, 0.37472, 0.0, -0.683708, 0.729756, -0.0, 0.0, 0.0, 0.0, 1.0],
                [1.0, 0.0, 0.0, 0.0, -0.0, 0.729598, 0.683876, 0.37472, 0.0, -0.683876, 0.729598, 0.0, 0.0, 0.0, 0.0, 1.0],
                [1.0, 0.0, 0.0, -0.0, -0.0, 0.729463, 0.68402, 0.37472, 0.0, -0.68402, 0.729463, 0.0, 0.0, 0.0, 0.0, 1.0],
                [1.0, 0.0, 0.0, -0.0, -0.0, 0.729328, 0.684164, 0.37472, 0.0, -0.684164, 0.729328, -0.0, 0.0, 0.0, 0.0, 1.0],
                [1.0, 0.0, 0.0, 0.0, -0.0, 0.729124, 0.684382, 0.37472, 0.0, -0.684382, 0.729124, -0.0, 0.0, 0.0, 0.0, 1.0],
                [1.0, 0.0, 0.0, 0.0, -0.0, 0.728452, 0.685097, 0.37472, -0.0, -0.685097, 0.728452, -0.0, 0.0, 0.0, 0.0, 1.0],
                [1.0, 0.0, 0.0, -0.0, -0.0, 0.727713, 0.685882, 0.37472, 0.0, -0.685882, 0.727713, 0.0, 0.0, 0.0, 0.0, 1.0],
                [1.0, 0.0, 0.0, 0.0, -0.0, 0.726889, 0.686755, 0.37472, -0.0, -0.686755, 0.726889, -0.0, 0.0, 0.0, 0.0, 1.0],
                [1.0, 0.0, 0.0, 0.0, -0.0, 0.725918, 0.687781, 0.37472, 0.0, -0.687781, 0.725918, -0.0, 0.0, 0.0, 0.0, 1.0],
                [1.0, 0.0, 0.0, 0.0, -0.0, 0.724988, 0.688762, 0.37472, 0.0, -0.688761, 0.724988, -0.0, 0.0, 0.0, 0.0, 1.0],
                [1.0, 0.0, 0.0, -0.0, -0.0, 0.724216, 0.689573, 0.37472, -0.0, -0.689573, 0.724216, -0.0, 0.0, 0.0, 0.0, 1.0],
                [1.0, 0.0, 0.0, -0.0, -0.0, 0.723453, 0.690374, 0.37472, -0.0, -0.690374, 0.723453, 0.0, 0.0, 0.0, 0.0, 1.0],
                [1.0, 0.0, 0.0, 0.0, -0.0, 0.722587, 0.69128, 0.37472, 0.0, -0.69128, 0.722587, 0.0, 0.0, 0.0, 0.0, 1.0],
                [1.0, 0.0, 0.0, 0.0, -0.0, 0.721754, 0.692149, 0.37472, -0.0, -0.692149, 0.721754, -0.0, 0.0, 0.0, 0.0, 1.0],
                [1.0, 0.0, 0.0, 0.0, -0.0, 0.721067, 0.692865, 0.37472, 0.0, -0.692865, 0.721067, 0.0, 0.0, 0.0, 0.0, 1.0],
                [1.0, -0.0, 0.0, 0.0, -0.0, 0.720322, 0.69364, 0.37472, -0.0, -0.69364, 0.720322, 0.0, 0.0, 0.0, 0.0, 1.0],
                [1.0, 0.0, 0.0, -0.0, -0.0, 0.719579, 0.694411, 0.37472, 0.0, -0.694411, 0.719579, 0.0, 0.0, 0.0, 0.0, 1.0],
                [1.0, 0.0, 0.0, 0.0, -0.0, 0.718933, 0.695079, 0.37472, 0.0, -0.695079, 0.718933, -0.0, 0.0, 0.0, 0.0, 1.0],
                [1.0, 0.0, 0.0, 0.0, -0.0, 0.718268, 0.695767, 0.37472, 0.0, -0.695767, 0.718268, 0.0, 0.0, 0.0, 0.0, 1.0],
                [1.0, 0.0, 0.0, -0.0, -0.0, 0.71744, 0.696621, 0.37472, 0.0, -0.696621, 0.71744, -0.0, 0.0, 0.0, 0.0, 1.0],
                [1.0, 0.0, 0.0, -0.0, -0.0, 0.716571, 0.697514, 0.37472, 0.0, -0.697514, 0.716571, 0.0, 0.0, 0.0, 0.0, 1.0],
                [1.0, 0.0, 0.0, -0.0, -0.0, 0.715794, 0.698311, 0.37472, -0.0, -0.698311, 0.715794, 0.0, 0.0, 0.0, 0.0, 1.0],
                [1.0, 0.0, 0.0, 0.0, -1e-06, 0.714964, 0.699161, 0.37472, 0.0, -0.699161, 0.714964, -0.0, 0.0, 0.0, 0.0, 1.0],
                [1.0, 0.0, 0.0, 0.0, -0.0, 0.71391, 0.700237, 0.37472, 0.0, -0.700237, 0.71391, -0.0, 0.0, 0.0, 0.0, 1.0],
                [1.0, 0.0, 0.0, 0.0, -0.0, 0.712775, 0.701392, 0.37472, 0.0, -0.701392, 0.712776, 0.0, 0.0, 0.0, 0.0, 1.0],
                [1.0, 0.0, 0.0, 0.0, -0.0, 0.711743, 0.70244, 0.37472, -0.0, -0.70244, 0.711743, 0.0, 0.0, 0.0, 0.0, 1.0],
                [1.0, 0.0, 0.0, 0.0, -0.0, 0.710688, 0.703508, 0.37472, -0.0, -0.703507, 0.710688, 0.0, 0.0, 0.0, 0.0, 1.0],
                [1.0, 0.0, 0.0, 0.0, -0.0, 0.709456, 0.70475, 0.37472, -0.0, -0.70475, 0.709456, 0.0, 0.0, 0.0, 0.0, 1.0],
                [1.0, 0.0, 0.0, -0.0, -0.0, 0.708221, 0.705991, 0.37472, -0.0, -0.705991, 0.708221, 0.0, 0.0, 0.0, 0.0, 1.0],
                [1.0, 0.0, 0.0, -0.0, -0.0, 0.707129, 0.707084, 0.37472, -0.0, -0.707084, 0.707129, -0.0, 0.0, 0.0, 0.0, 1.0],
                [1.0, 0.0, 0.0, 0.0, -0.0, 0.705905, 0.708306, 0.37472, -0.0, -0.708306, 0.705905, -0.0, 0.0, 0.0, 0.0, 1.0],
                [1.0, 0.0, 0.0, -0.0, -0.0, 0.704884, 0.709323, 0.37472, 0.0, -0.709323, 0.704884, 0.0, 0.0, 0.0, 0.0, 1.0],
                [1.0, 0.0, 0.0, 0.0, -0.0, 0.704252, 0.70995, 0.37472, 0.0, -0.70995, 0.704252, 0.0, 0.0, 0.0, 0.0, 1.0]
            ]
        },
        {
            "name": "Knee_R",
            "time": [0.0, 2.5],
            "transform": [
                [1.0, 0.0, -0.0, 0.0, -0.0, 1e-06, -1.0, 0.37472, -0.0, 1.0, 1e-06, 0.0, 0.0, 0.0, 0.0, 1.0],
                [1.0, 0.0, -0.0, 0.0, -0.0, 1e-06, -1.0, 0.37472, -0.0, 1.0, 1e-06, 0.0, 0.0, 0.0, 0.0, 1.0]
            ]
        },
        {
            "name": "Thigh_L",
            "time": [0.0, 0.0417, 0.0833, 0.125, 0.1667, 0.2083, 0.25, 0.2917, 0.3333, 0.375, 0.4167, 0.4583, 0.5, 0.5417, 0.5833, 0.625, 0.6667, 0.7083, 0.75, 0.7917, 0.8333, 0.875, 0.9167, 0.9583, 1.0, 1.0417, 1.0833, 1.125, 1.1667, 1.2083, 1.25, 1.2917, 1.3333, 1.375, 1.4167, 1.4583, 1.5, 1.5417, 1.5833, 1.625, 1.6667, 1.7083, 1.75, 1.7917, 1.8333, 1.875, 1.9167, 1.9583, 2.0, 2.0417, 2.0833, 2.125, 2.1667, 2.2083, 2.25, 2.2917, 2.3333, 2.375, 2.4167, 2.4583, 2.5],
            "transform": [
                [0.640251, -0.170844, 0.748927, -0.111467, -0.477625, -0.852119, 0.213933, 0.068032, 0.601626, -0.494677, -0.627169, -0.073555, 0.0, 0.0, 0.0, 1.0],
                [0.640207, -0.170787, 0.748978, -0.111467, -0.477501, -0.852215, 0.213829, 0.068032, 0.601771, -0.494532, -0.627144, -0.073554, 0.0, 0.0, 0.0, 1.0],
                [0.640104, -0.170486, 0.749134, -0.111467, -0.477325, -0.852297, 0.213892, 0.068033, 0.602019, -0.494493, -0.626937, -0.073555, 0.0, 0.0, 0.0, 1.0],
                [0.639836, -0.170154, 0.749438, -0.111467, -0.477137, -0.85242, 0.213823, 0.068033, 0.602454, -0.494396, -0.626596, -0.073555, 0.0, 0.0, 0.0, 1.0],
                [0.639475, -0.169833, 0.749818, -0.111467, -0.476965, -0.852554, 0.213673, 0.068033, 0.602972, -0.494275, -0.626192, -0.073555, 0.0, 0.0, 0.0, 1.0],
                [0.639018, -0.169466, 0.750291, -0.111467, -0.476785, -0.852703, 0.213478, 0.068033, 0.603599, -0.494144, -0.625691, -0.073555, 0.0, 0.0, 0.0, 1.0],
                [0.63836, -0.169011, 0.750954, -0.111467, -0.476551, -0.852918, 0.213141, 0.068033, 0.60448, -0.493928, -0.625011, -0.073555, 0.0, 0.0, 0.0, 1.0],
                [0.637627, -0.168448, 0.751703, -0.111467, -0.476169, -0.853241, 0.212706, 0.068032, 0.605554, -0.493564, -0.624259, -0.073555, 0.0, 0.0, 0.0, 1.0],
                [0.636928, -0.16798, 0.7524, -0.111467, -0.475796, -0.853572, 0.212208, 0.068033, 0.606582, -0.49315, -0.623588, -0.073554, 0.0, 0.0, 0.0, 1.0],
                [0.636015, -0.167523, 0.753274, -0.111467, -0.47535, -0.854014, 0.211428, 0.068032, 0.607888, -0.492539, -0.622798, -0.073555, 0.0, 0.0, 0.0, 1.0],
                [0.635072, -0.167177, 0.754145, -0.111467, -0.474871, -0.854518, 0.210466, 0.068033, 0.609246, -0.491782, -0.622068, -0.073555, 0.0, 0.0, 0.0, 1.0],
                [0.634263, -0.167016, 0.754861, -0.111467, -0.474455, -0.85499, 0.209485, 0.068033, 0.610412, -0.491016, -0.621531, -0.073555, 0.0, 0.0, 0.0, 1.0],
                [0.633472, -0.167005, 0.755528, -0.111467, -0.474056, -0.855483, 0.208374, 0.068033, 0.611542, -0.490161, -0.621095, -0.073555, 0.0, 0.0, 0.0, 1.0],
                [0.632606, -0.167172, 0.756217, -0.111467, -0.473607, -0.856079, 0.206944, 0.068033, 0.612786, -0.489063, -0.620734, -0.073555, 0.0, 0.0, 0.0, 1.0],
                [0.63182, -0.167503, 0.7568, -0.111467, -0.47317, -0.856687, 0.205419, 0.068033, 0.613932, -0.487883, -0.62053, -0.073554, 0.0, 0.0, 0.0, 1.0],
                [0.631223, -0.167953, 0.757198, -0.111467, -0.472859, -0.857183, 0.204059, 0.068033, 0.614786, -0.486855, -0.620492, -0.073555, 0.0, 0.0, 0.0, 1.0],
                [0.630718, -0.16851, 0.757495, -0.111467, -0.472565, -0.857673, 0.20268, 0.068033, 0.615529, -0.4858, -0.620582, -0.073555, 0.0, 0.0, 0.0, 1.0],
                [0.630259, -0.169207, 0.757722, -0.111467, -0.472236, -0.858214, 0.201149, 0.068033, 0.616252, -0.4846, -0.620803, -0.073555, 0.0, 0.0, 0.0, 1.0],
                [0.629932, -0.169806, 0.75786, -0.111467, -0.471936, -0.858676, 0.199878, 0.068033, 0.616816, -0.483571, -0.621045, -0.073555, 0.0, 0.0, 0.0, 1.0],
                [0.629784, -0.17028, 0.757876, -0.111467, -0.471726, -0.858996, 0.198999, 0.068033, 0.617127, -0.482836, -0.621308, -0.073554, 0.0, 0.0, 0.0, 1.0],
                [0.629737, -0.170722, 0.757816, -0.111467, -0.471528, -0.859276, 0.198256, 0.068032, 0.617327, -0.482181, -0.621619, -0.073555, 0.0, 0.0, 0.0, 1.0],
                [0.629771, -0.171147, 0.757692, -0.111467, -0.471328, -0.859536, 0.197603, 0.068033, 0.617445, -0.481566, -0.621977, -0.073555, 0.0, 0.0, 0.0, 1.0],
                [0.629714, -0.17173, 0.757608, -0.111467, -0.471173, -0.85982, 0.196736, 0.068032, 0.617621, -0.480851, -0.622355, -0.073555, 0.0, 0.0, 0.0, 1.0],
                [0.629607, -0.172447, 0.757533, -0.111467, -0.471253, -0.859965, 0.195907, 0.068033, 0.617669, -0.480334, -0.622707, -0.073555, 0.0, 0.0, 0.0, 1.0],
                [0.629535, -0.173153, 0.757433, -0.111467, -0.471368, -0.860073, 0.195158, 0.068033, 0.617656, -0.479887, -0.623065, -0.073554, 0.0, 0.0, 0.0, 1.0],
                [0.629527, -0.173866, 0.757276, -0.111467, -0.471507, -0.86015, 0.194481, 0.068032, 0.617557, -0.479492, -0.623467, -0.073555, 0.0, 0.0, 0.0, 1.0],
                [0.6296, -0.174437, 0.757084, -0.111467, -0.471651, -0.86017, 0.194042, 0.068032, 0.617373, -0.479248, -0.623836, -0.073555, 0.0, 0.0, 0.0, 1.0],
                [0.629739, -0.174802, 0.756884, -0.111467, -0.471772, -0.860142, 0.193873, 0.068033, 0.617138, -0.479166, -0.624132, -0.073555, 0.0, 0.0, 0.0, 1.0],
                [0.629974, -0.175068, 0.756626, -0.111467, -0.471916, -0.860052, 0.193923, 0.068033, 0.616788, -0.47923, -0.624428, -0.073555, 0.0, 0.0, 0.0, 1.0],
                [0.630397, -0.175295, 0.756222, -0.111467, -0.472035, -0.859933, 0.194161, 0.068032, 0.616264, -0.479362, -0.624844, -0.073555, 0.0, 0.0, 0.0, 1.0],
                [0.630833, -0.175518, 0.755806, -0.111467, -0.472134, -0.859826, 0.194392, 0.068032, 0.615743, -0.47947, -0.625275, -0.073555, 0.0, 0.0, 0.0, 1.0],
                [0.6313, -0.175766, 0.755358, -0.111467, -0.472236, -0.859717, 0.194629, 0.068033, 0.615185, -0.479576, -0.625743, -0.073555, 0.0, 0.0, 0.0, 1.0],
                [0.63197, -0.17609, 0.754723, -0.111467, -0.472338, -0.859586, 0.194959, 0.068033, 0.614419, -0.479692, -0.626406, -0.073555, 0.0, 0.0, 0.0, 1.0],
                [0.632831, -0.176442, 0.753918, -0.111467, -0.47241, -0.859447, 0.195397, 0.068032, 0.613476, -0.479812, -0.627238, -0.073555, 0.0, 0.0, 0.0, 1.0],
                [0.633659, -0.176758, 0.753148, -0.111467, -0.47246, -0.859321, 0.195828, 0.068033, 0.612582, -0.479921, -0.628027, -0.073555, 0.0, 0.0, 0.0, 1.0],
                [0.63453, -0.177169, 0.752318, -0.111467, -0.472611, -0.859132, 0.196292, 0.068033, 0.611564, -0.480107, -0.628878, -0.073554, 0.0, 0.0, 0.0, 1.0],
                [0.635553, -0.177854, 0.751292, -0.111467, -0.473034, -0.858768, 0.196866, 0.068033, 0.610172, -0.480506, -0.629924, -0.073555, 0.0, 0.0, 0.0, 1.0],
                [0.636611, -0.178517, 0.750238, -0.111467, -0.473472, -0.858377, 0.197515, 0.068032, 0.608728, -0.480957, -0.630975, -0.073554, 0.0, 0.0, 0.0, 1.0],
                [0.637516, -0.179077, 0.749336, -0.111467, -0.473897, -0.858, 0.198134, 0.068032, 0.607449, -0.481421, -0.631853, -0.073555, 0.0, 0.0, 0.0, 1.0],
                [0.638412, -0.17956, 0.748457, -0.111467, -0.474306, -0.857615, 0.198822, 0.068033, 0.606188, -0.481928, -0.632678, -0.073555, 0.0, 0.0, 0.0, 1.0],
                [0.639421, -0.179997, 0.74749, -0.111467, -0.474756, -0.857159, 0.199713, 0.068033, 0.60477, -0.482576, -0.63354, -0.073555, 0.0, 0.0, 0.0, 1.0],
                [0.640381, -0.18026, 0.746605, -0.111467, -0.475141, -0.856716, 0.200695, 0.068032, 0.603451, -0.483264, -0.634273, -0.073554, 0.0, 0.0, 0.0, 1.0],
                [0.641136, -0.180345, 0.745935, -0.111467, -0.475434, -0.856341, 0.201601, 0.068032, 0.602417, -0.483896, -0.634774, -0.073555, 0.0, 0.0, 0.0, 1.0],
                [0.64193, -0.180262, 0.745273, -0.111467, -0.475713, -0.855921, 0.202723, 0.068032, 0.601352, -0.48467, -0.635194, -0.073555, 0.0, 0.0, 0.0, 1.0],
                [0.642655, -0.179847, 0.744748, -0.111467, -0.475754, -0.855614, 0.203917, 0.068033, 0.600543, -0.485365, -0.635428, -0.073555, 0.0, 0.0, 0.0, 1.0],
                [0.643054, -0.179383, 0.744515, -0.111467, -0.475811, -0.855353, 0.20488, 0.068033, 0.600071, -0.485997, -0.635391, -0.073555, 0.0, 0.0, 0.0, 1.0],
                [0.643396, -0.178841, 0.74435, -0.111467, -0.475871, -0.855077, 0.205886, 0.068032, 0.599657, -0.486681, -0.635259, -0.073555, 0.0, 0.0, 0.0, 1.0],
                [0.643749, -0.178143, 0.744213, -0.111467, -0.475939, -0.854749, 0.207089, 0.068032, 0.599224, -0.487512, -0.635029, -0.073555, 0.0, 0.0, 0.0, 1.0],
                [0.644054, -0.177392, 0.744128, -0.111467, -0.476002, -0.854419, 0.208303, 0.068032, 0.598846, -0.488365, -0.634731, -0.073555, 0.0, 0.0, 0.0, 1.0],
                [0.644273, -0.176686, 0.744107, -0.111467, -0.476054, -0.854128, 0.209374, 0.068033, 0.598569, -0.489129, -0.634403, -0.073555, 0.0, 0.0, 0.0, 1.0],
                [0.644299, -0.175935, 0.744262, -0.111467, -0.476143, -0.853838, 0.210354, 0.068033, 0.59847, -0.489906, -0.633897, -0.073555, 0.0, 0.0, 0.0, 1.0],
                [0.644135, -0.175018, 0.744619, -0.111467, -0.476278, -0.853506, 0.211395, 0.068033, 0.598539, -0.490812, -0.633131, -0.073555, 0.0, 0.0, 0.0, 1.0],
                [0.643848, -0.174091, 0.745085, -0.111467, -0.476421, -0.853191, 0.212338, 0.068033, 0.598735, -0.491687, -0.632266, -0.073555, 0.0, 0.0, 0.0, 1.0],
                [0.643497, -0.173343, 0.745563, -0.111467, -0.476548, -0.852956, 0.212999, 0.068032, 0.59901, -0.49236, -0.631481, -0.073554, 0.0, 0.0, 0.0, 1.0],
                [0.643025, -0.172745, 0.746108, -0.111467, -0.476673, -0.852793, 0.21337, 0.068033, 0.599418, -0.492852, -0.63071, -0.073555, 0.0, 0.0, 0.0, 1.0],
                [0.64248, -0.172057, 0.746737, -0.111467, -0.476817, -0.852606, 0.213796, 0.068032, 0.599887, -0.493416, -0.629822, -0.073555, 0.0, 0.0, 0.0, 1.0],
                [0.641967, -0.17142, 0.747324, -0.111467, -0.476952, -0.852433, 0.214183, 0.068033, 0.600328, -0.493936, -0.628994, -0.073555, 0.0, 0.0, 0.0, 1.0],
                [0.641569, -0.170965, 0.74777, -0.111467, -0.477055, -0.852312, 0.214436, 0.068033, 0.600672, -0.494302, -0.628377, -0.073555, 0.0, 0.0, 0.0, 1.0],
                [0.641107, -0.170671, 0.748233, -0.111467, -0.477152, -0.852257, 0.21444, 0.068033, 0.601088, -0.494499, -0.627824, -0.073555, 0.0, 0.0, 0.0, 1.0],
                [0.64074, -0.170516, 0.748583, -0.111467, -0.477225, -0.852239, 0.214347, 0.068033, 0.601422, -0.494583, -0.627438, -0.073554, 0.0, 0.0, 0.0, 1.0],
                [0.640557, -0.170478, 0.748748, -0.111467, -0.477261, -0.852242, 0.214257, 0.068032, 0.601588, -0.494592, -0.627272, -0.073555, 0.0, 0.0, 0.0, 1.0]
            ]
        },
        {
            "name": "Leg_L",
            "time": [0.0, 0.0417, 0.0833, 0.125, 0.1667, 0.2083, 0.25, 0.2917, 0.3333, 0.375, 0.4167, 0.4583, 0.5, 0.5417, 0.5833, 0.625, 0.6667, 0.7083, 0.75, 0.7917, 0.8333, 0.875, 0.9167, 0.9583, 1.0, 1.0417, 1.0833, 1.125, 1.1667, 1.2083, 1.25, 1.2917, 1.3333, 1.375, 1.4167, 1.4583, 1.5, 1.5417, 1.5833, 1.625, 1.6667, 1.7083, 1.75, 1.7917, 1.8333, 1.875, 1.9167, 1.9583, 2.0, 2.0417, 2.0833, 2.125, 2.1667, 2.2083, 2.25, 2.2917, 2.3333, 2.375, 2.4167, 2.4583, 2.5],
            "transform": [
                [1.0, -0.0, -0.0, -0.0, 0.0, 0.663722, 0.747979, 0.37472, -0.0, -0.747979, 0.663723, 0.0, 0.0, 0.0, 0.0, 1.0],
                [1.0, -0.0, 0.0, -0.0, 0.0, 0.664152, 0.747598, 0.37472, -0.0, -0.747598, 0.664152, 0.0, 0.0, 0.0, 0.0, 1.0],
                [1.0, -0.0, 0.0, 0.0, 0.0, 0.664752, 0.747064, 0.37472, -0.0, -0.747064, 0.664752, 0.0, 0.0, 0.0, 0.0, 1.0],
                [1.0, -0.0, -0.0, -0.0, 0.0, 0.665554, 0.74635, 0.37472, -0.0, -0.74635, 0.665554, 0.0, 0.0, 0.0, 0.0, 1.0],
                [1.0, -0.0, -0.0, -0.0, 0.0, 0.666365, 0.745626, 0.37472, -0.0, -0.745626, 0.666365, -0.0, 0.0, 0.0, 0.0, 1.0],
                [1.0, -0.0, 0.0, 0.0, 0.0, 0.667139, 0.744933, 0.37472, -0.0, -0.744933, 0.667139, 0.0, 0.0, 0.0, 0.0, 1.0],
                [1.0, -0.0, -0.0, 0.0, 0.0, 0.668036, 0.744129, 0.37472, -0.0, -0.744129, 0.668037, 0.0, 0.0, 0.0, 0.0, 1.0],
                [1.0, -0.0, 0.0, 0.0, 0.0, 0.668947, 0.743311, 0.37472, -0.0, -0.743311, 0.668947, 0.0, 0.0, 0.0, 0.0, 1.0],
                [1.0, -0.0, -0.0, -0.0, 0.0, 0.669814, 0.742529, 0.37472, -0.0, -0.742528, 0.669814, -0.0, 0.0, 0.0, 0.0, 1.0],
                [1.0, -0.0, -0.0, -0.0, 0.0, 0.670902, 0.741546, 0.37472, -0.0, -0.741547, 0.670902, -0.0, 0.0, 0.0, 0.0, 1.0],
                [1.0, -0.0, -0.0, 0.0, 0.0, 0.672111, 0.740451, 0.37472, -0.0, -0.74045, 0.672111, 0.0, 0.0, 0.0, 0.0, 1.0],
                [1.0, -0.0, -0.0, -0.0, 0.0, 0.673247, 0.739417, 0.37472, -0.0, -0.739417, 0.673247, -0.0, 0.0, 0.0, 0.0, 1.0],
                [1.0, -0.0, -0.0, -0.0, 0.0, 0.674463, 0.738309, 0.37472, -0.0, -0.738309, 0.674463, -0.0, 0.0, 0.0, 0.0, 1.0],
                [1.0, -0.0, -0.0, -0.0, 0.0, 0.675941, 0.736955, 0.37472, -0.0, -0.736955, 0.675941, -0.0, 0.0, 0.0, 0.0, 1.0],
                [1.0, -0.0, -0.0, 0.0, 0.0, 0.677455, 0.735564, 0.37472, -0.0, -0.735564, 0.677455, 0.0, 0.0, 0.0, 0.0, 1.0],
                [1.0, -0.0, -0.0, -0.0, 0.0, 0.678802, 0.734322, 0.37472, -0.0, -0.734321, 0.678802, 0.0, 0.0, 0.0, 0.0, 1.0],
                [1.0, -0.0, 0.0, -0.0, 0.0, 0.680197, 0.733029, 0.37472, -0.0, -0.733029, 0.680197, 0.0, 0.0, 0.0, 0.0, 1.0],
                [1.0, -0.0, -0.0, -0.0, 0.0, 0.681823, 0.731517, 0.37472, -0.0, -0.731517, 0.681823, -0.0, 0.0, 0.0, 0.0, 1.0],
                [1.0, -0.0, 0.0, 0.0, 0.0, 0.683387, 0.730057, 0.37472, -0.0, -0.730057, 0.683387, -0.0, 0.0, 0.0, 0.0, 1.0],
