{
    "animation": [
        {
            "name": "Root",
            "time": [0.0, 0.0417, 0.0833, 0.125, 0.1667, 0.2083, 0.25, 0.2917, 0.3333, 0.375, 0.4167, 0.4583, 0.5, 0.5417, 0.5833, 0.625, 0.6667, 0.7083, 0.75, 0.7917, 0.8333, 0.875, 0.9167, 0.9583, 1.0, 1.0417, 1.0833, 1.125, 1.1667, 1.2083, 1.25, 1.4583],
            "transform": [
                [-0.0, 0.0, 1.0, -0.071694, 1.0, -0.0, 0.0, 0.068872, 0.0, 1.0, -0.0, 0.197178, 0.0, 0.0, 0.0, 1.0],
                [-0.0, 0.0, 1.0, -0.120755, 1.0, -0.0, 0.0, 0.089682, 0.0, 1.0, -0.0, 0.264913, 0.0, 0.0, 0.0, 1.0],
                [-0.0, 0.0, 1.0, -0.169815, 1.0, -0.0, 0.0, 0.110492, 0.0, 1.0, -0.0, 0.327101, 0.0, 0.0, 0.0, 1.0],
                [-0.0, 0.0, 1.0, -0.249265, 1.0, -0.0, 0.0, 0.178671, 0.0, 1.0, -0.0, 0.391064, 0.0, 0.0, 0.0, 1.0],
                [-0.0, 0.0, 1.0, -0.272383, 1.0, -0.0, 0.0, 0.226242, 0.0, 1.0, -0.0, 0.387121, 0.0, 0.0, 0.0, 1.0],
                [-0.0, 0.0, 1.0, -0.287156, 1.0, -0.0, 0.0, 0.367233, 0.0, 1.0, -0.0, 0.383179, 0.0, 0.0, 0.0, 1.0],
                [-0.0, 0.0, 1.0, -0.291328, 1.0, -0.0, 0.0, 0.500384, 0.0, 1.0, -0.0, 0.379237, 0.0, 0.0, 0.0, 1.0],
                [-0.0, 0.0, 1.0, -0.292961, 1.0, -0.0, 0.0, 0.58995, 0.0, 1.0, -0.0, 0.375295, 0.0, 0.0, 0.0, 1.0],
                [-0.0, 0.0, 1.0, -0.295368, 1.0, -0.0, 0.0, 0.684896, 0.0, 1.0, -0.0, 0.371353, 0.0, 0.0, 0.0, 1.0],
                [-0.0, 0.0, 1.0, -0.310312, 1.0, -0.0, 0.0, 0.888467, 0.0, 1.0, -0.0, 0.36741, 0.0, 0.0, 0.0, 1.0],
                [-0.0, 0.0, 1.0, -0.377475, 1.0, -0.0, 0.0, 1.092917, 0.0, 1.0, -0.0, 0.363468, 0.0, 0.0, 0.0, 1.0],
                [-0.0, 0.0, 1.0, -0.438776, 1.0, -0.0, 0.0, 1.237598, 0.0, 1.0, -0.0, 0.359526, 0.0, 0.0, 0.0, 1.0],
                [-0.0, 0.0, 1.0, -0.509072, 1.0, -0.0, 0.0, 1.462945, 0.0, 1.0, -0.0, 0.317173, 0.0, 0.0, 0.0, 1.0],
                [-0.0, 0.0, 1.0, -0.544005, 1.0, -0.0, 0.0, 1.640502, 0.0, 1.0, -0.0, 0.274821, 0.0, 0.0, 0.0, 1.0],
                [-0.0, 0.0, 1.0, -0.556536, 1.0, -0.0, 0.0, 1.750665, 0.0, 1.0, -0.0, 0.297538, 0.0, 0.0, 0.0, 1.0],
                [-0.0, 0.0, 1.0, -0.558671, 1.0, -0.0, 0.0, 1.854343, 0.0, 1.0, -0.0, 0.320256, 0.0, 0.0, 0.0, 1.0],
                [-0.0, 0.0, 1.0, -0.527775, 1.0, -0.0, 0.0, 2.110415, 0.0, 1.0, -0.0, 0.342974, 0.0, 0.0, 0.0, 1.0],
                [-0.0, 0.0, 1.0, -0.500064, 1.0, -0.0, 0.0, 2.231463, 0.0, 1.0, -0.0, 0.377276, 0.0, 0.0, 0.0, 1.0],
                [-0.0, 0.0, 1.0, -0.488354, 1.0, -0.0, 0.0, 2.278538, 0.0, 1.0, -0.0, 0.411578, 0.0, 0.0, 0.0, 1.0],
                [-0.0, 0.0, 1.0, -0.463168, 1.0, -0.0, 0.0, 2.362195, 0.0, 1.0, -0.0, 0.42759, 0.0, 0.0, 0.0, 1.0],
                [-0.0, 0.0, 1.0, -0.434114, 1.0, -0.0, 0.0, 2.415941, 0.0, 1.0, -0.0, 0.443601, 0.0, 0.0, 0.0, 1.0],
                [-0.0, 0.0, 1.0, -0.402504, 1.0, -0.0, 0.0, 2.440747, 0.0, 1.0, -0.0, 0.457295, 0.0, 0.0, 0.0, 1.0],
                [-0.0, 0.0, 1.0, -0.324087, 1.0, -0.0, 0.0, 2.469132, 0.0, 1.0, -0.0, 0.47099, 0.0, 0.0, 0.0, 1.0],
                [-0.0, 0.0, 1.0, -0.235428, 1.0, -0.0, 0.0, 2.505021, 0.0, 1.0, -0.0, 0.484684, 0.0, 0.0, 0.0, 1.0],
                [-0.0, 0.0, 1.0, -0.226651, 1.0, -0.0, 0.0, 2.515051, 0.0, 1.0, -0.0, 0.498379, 0.0, 0.0, 0.0, 1.0],
                [-0.0, 0.0, 1.0, -0.220064, 1.0, -0.0, 0.0, 2.524303, 0.0, 1.0, -0.0, 0.494714, 0.0, 0.0, 0.0, 1.0],
                [-0.0, 0.0, 1.0, -0.211858, 1.0, -0.0, 0.0, 2.542836, 0.0, 1.0, -0.0, 0.491049, 0.0, 0.0, 0.0, 1.0],
                [-0.0, 0.0, 1.0, -0.203532, 1.0, -0.0, 0.0, 2.555895, 0.0, 1.0, -0.0, 0.487384, 0.0, 0.0, 0.0, 1.0],
                [-0.0, 0.0, 1.0, -0.196139, 1.0, -0.0, 0.0, 2.562764, 0.0, 1.0, -0.0, 0.483719, 0.0, 0.0, 0.0, 1.0],
                [-0.0, 0.0, 1.0, -0.18889, 1.0, -0.0, 0.0, 2.578166, 0.0, 1.0, -0.0, 0.480054, 0.0, 0.0, 0.0, 1.0],
                [-0.0, 0.0, 1.0, -0.191388, 1.0, -0.0, 0.0, 2.590319, 0.0, 1.0, -0.0, 0.482379, 0.0, 0.0, 0.0, 1.0],
                [-0.0, 0.0, 1.0, -0.215129, 1.0, -0.0, 0.0, 2.597382, 0.0, 1.0, -0.0, 0.494009, 0.0, 0.0, 0.0, 1.0]
            ]
        },
        {
            "name": "Thigh_R",
            "time": [0.0, 0.0417, 0.0833, 0.125, 0.1667, 0.2083, 0.25, 0.2917, 0.3333, 0.375, 0.4167, 0.4583, 0.5, 0.5417, 0.5833, 0.625, 0.6667, 0.7083, 0.75, 0.7917, 0.8333, 0.875, 0.9167, 0.9583, 1.0, 1.0417, 1.0833, 1.125, 1.1667, 1.2083, 1.25, 1.4583],
            "transform": [
                [0.671789, 0.740666, 0.010671, 0.101581, 0.645165, -0.592126, 0.482855, 0.055875, 0.363952, -0.317492, -0.875636, 0.059487, 0.0, 0.0, 0.0, 1.0],
                [0.708272, 0.704514, -0.044849, 0.101764, 0.647851, -0.623441, 0.437734, 0.051877, 0.280428, -0.33909, -0.897985, 0.02609, 0.0, 0.0, 0.0, 1.0],
                [0.738582, 0.666295, -0.102694, 0.101948, 0.645521, -0.65502, 0.392748, 0.047879, 0.194419, -0.356368, -0.913894, -0.007307, 0.0, 0.0, 0.0, 1.0],
                [0.71862, 0.694679, 0.031715, 0.102132, 0.628748, -0.668547, 0.397141, 0.04388, 0.297088, -0.265453, -0.91721, -0.040704, 0.0, 0.0, 0.0, 1.0],
                [0.669376, 0.741628, 0.043855, 0.102316, 0.676087, -0.632564, 0.377847, 0.039882, 0.307962, -0.223271, -0.924829, -0.074101, 0.0, 0.0, 0.0, 1.0],
                [0.592861, 0.797539, 0.11157, 0.102499, 0.728466, -0.590182, 0.347882, 0.029471, 0.343296, -0.124971, -0.930876, -0.047314, 0.0, 0.0, 0.0, 1.0],
                [0.613909, 0.780766, 0.116283, 0.102683, 0.662852, -0.589877, 0.461165, 0.019059, 0.428654, -0.206035, -0.879662, -0.020526, 0.0, 0.0, 0.0, 1.0],
                [0.592952, 0.800332, 0.088749, 0.102867, 0.6422, -0.536505, 0.547486, 0.008648, 0.485785, -0.267638, -0.832095, 0.006261, 0.0, 0.0, 0.0, 1.0],
                [0.559353, 0.825735, 0.072711, 0.10305, 0.627009, -0.478843, 0.614466, -0.001763, 0.542203, -0.298113, -0.785585, 0.033049, 0.0, 0.0, 0.0, 1.0],
                [0.098713, 0.434333, 0.895327, 0.056456, 0.329427, -0.863254, 0.382454, 0.026207, 0.939007, 0.257192, -0.228296, 0.150194, 0.0, 0.0, 0.0, 1.0],
                [-0.403186, -0.205765, 0.891685, -0.045913, 0.595076, -0.799199, 0.084648, 0.031619, 0.695217, 0.564749, 0.444672, 0.147765, 0.0, 0.0, 0.0, 1.0],
                [-0.627504, -0.427069, 0.651038, -0.122517, 0.745564, -0.570602, 0.344308, 0.018896, 0.22444, 0.701445, 0.676463, 0.080565, 0.0, 0.0, 0.0, 1.0],
                [-0.557517, -0.547989, 0.623605, -0.112912, 0.815561, -0.501823, 0.288157, 0.024764, 0.155032, 0.66924, 0.726693, -0.001927, 0.0, 0.0, 0.0, 1.0],
                [-0.587743, -0.611359, 0.529903, -0.103307, 0.806617, -0.392066, 0.442327, 0.023278, -0.062664, 0.687404, 0.723567, -0.037641, 0.0, 0.0, 0.0, 1.0],
                [-0.593222, -0.600353, 0.536343, -0.093701, 0.803653, -0.402554, 0.438284, 0.047145, -0.047218, 0.691033, 0.721279, -0.076953, 0.0, 0.0, 0.0, 1.0],
                [-0.64605, -0.583262, 0.492366, -0.084096, 0.756883, -0.406094, 0.512069, 0.071011, -0.098724, 0.703486, 0.703819, -0.116265, 0.0, 0.0, 0.0, 1.0],
                [-0.416441, -0.897825, -0.143136, 0.016667, 0.34406, -0.301359, 0.889272, 0.065132, -0.841546, 0.321082, 0.434404, -0.13009, 0.0, 0.0, 0.0, 1.0],
                [-0.004082, -0.889767, -0.456397, 0.068852, 0.334483, -0.431327, 0.837901, 0.086239, -0.942393, -0.149236, 0.299372, -0.143914, 0.0, 0.0, 0.0, 1.0],
                [0.06541, -0.726111, -0.684459, 0.121037, 0.263436, -0.649027, 0.713698, 0.107347, -0.962457, -0.226994, 0.148831, -0.157738, 0.0, 0.0, 0.0, 1.0],
                [0.732189, 0.003462, -0.681092, 0.120271, 0.187674, -0.962301, 0.196862, 0.105348, -0.654734, -0.271963, -0.705237, -0.14334, 0.0, 0.0, 0.0, 1.0],
                [0.915943, 0.396604, -0.061274, 0.109909, 0.379554, -0.905721, -0.1887, 0.097352, -0.130336, 0.149582, -0.980121, -0.103754, 0.0, 0.0, 0.0, 1.0],
                [0.840884, 0.482252, 0.245656, 0.099547, 0.525212, -0.836678, -0.155312, 0.089356, 0.130635, 0.259621, -0.956834, -0.064168, 0.0, 0.0, 0.0, 1.0],
                [0.747019, 0.551144, 0.371756, 0.089186, 0.565915, -0.820627, 0.079446, 0.081359, 0.348859, 0.151035, -0.924925, -0.024582, 0.0, 0.0, 0.0, 1.0],
                [0.523582, 0.652354, 0.547993, 0.085835, 0.550951, -0.749868, 0.366267, 0.078945, 0.649858, 0.110146, -0.752032, -0.005801, 0.0, 0.0, 0.0, 1.0],
                [0.419226, 0.67832, 0.603433, 0.082486, 0.531135, -0.722292, 0.442932, 0.076531, 0.736304, 0.134816, -0.663084, 0.012979, 0.0, 0.0, 0.0, 1.0],
                [0.362884, 0.686568, 0.630031, 0.079136, 0.514618, -0.711318, 0.478742, 0.074117, 0.776842, 0.150498, -0.611446, 0.03176, 0.0, 0.0, 0.0, 1.0],
                [0.332221, 0.681637, 0.65192, 0.075786, 0.497013, -0.713947, 0.493212, 0.071702, 0.801628, 0.160158, -0.575971, 0.05054, 0.0, 0.0, 0.0, 1.0],
                [0.316983, 0.675473, 0.665777, 0.072436, 0.480566, -0.719581, 0.501259, 0.069288, 0.817667, 0.161059, -0.552704, 0.069321, 0.0, 0.0, 0.0, 1.0],
                [0.314127, 0.669447, 0.673175, 0.069087, 0.468245, -0.726073, 0.503552, 0.066874, 0.825876, 0.157032, -0.541545, 0.088101, 0.0, 0.0, 0.0, 1.0],
                [0.306912, 0.643131, 0.70156, 0.074647, 0.445079, -0.748553, 0.491502, 0.067801, 0.841255, 0.161402, -0.515984, 0.087947, 0.0, 0.0, 0.0, 1.0],
                [0.299891, 0.616287, 0.728187, 0.080207, 0.434533, -0.767782, 0.470842, 0.068728, 0.849262, 0.175221, -0.498048, 0.087794, 0.0, 0.0, 0.0, 1.0],
                [0.386889, 0.581651, 0.715541, 0.108009, 0.462337, -0.793745, 0.395239, 0.073363, 0.797848, 0.177908, -0.57601, 0.087026, 0.0, 0.0, 0.0, 1.0]
            ]
        },
        {
            "name": "Leg_R",
            "time": [0.0, 0.0417, 0.0833, 0.125, 0.1667, 0.2083, 0.25, 0.2917, 0.3333, 0.375, 0.4167, 0.4583, 0.5, 0.5417, 0.5833, 0.625, 0.6667, 0.7083, 0.75, 0.7917, 0.8333, 0.875, 0.9167, 0.9583, 1.0, 1.0417, 1.0833, 1.125, 1.1667, 1.2083, 1.25, 1.4583],
            "transform": [
                [1.0, -1e-06, -1e-06, 0.0, 0.0, -0.582782, 0.812629, 0.37472, -1e-06, -0.812629, -0.582782, 0.0, 0.0, 0.0, 0.0, 1.0],
                [1.0, -1e-06, -1.5e-05, 0.0, 1.3e-05, -0.395488, 0.918471, 0.37472, -7e-06, -0.918471, -0.395488, -0.0, 0.0, 0.0, 0.0, 1.0],
                [1.0, -5e-06, -2.8e-05, -0.0, 2.7e-05, -0.189767, 0.981829, 0.37472, -1e-05, -0.981829, -0.189767, -0.0, 0.0, 0.0, 0.0, 1.0],
                [1.0, -2.4e-05, -2.8e-05, -0.0, 2.8e-05, 0.000941, 1.000009, 0.37472, -2.4e-05, -0.999991, 0.000941, 0.0, 0.0, 0.0, 0.0, 1.0],
                [1.0, -2e-05, -2.5e-05, 0.0, 2.8e-05, 0.159695, 0.987171, 0.37472, -1.6e-05, -0.987161, 0.159697, -0.0, 0.0, 0.0, 0.0, 1.0],
                [1.0, -7e-06, -1.7e-05, 0.0, 1.9e-05, 0.434917, 0.900471, 0.37472, 2e-06, -0.900471, 0.434917, -0.0, 0.0, 0.0, 0.0, 1.0],
                [1.0, 1e-06, -1.7e-05, 0.0, 1.6e-05, 0.189098, 0.981957, 0.37472, 4e-06, -0.98196, 0.189097, -0.0, 0.0, 0.0, 0.0, 1.0],
                [1.0, 4e-06, -1.4e-05, 0.0, 1.5e-05, -0.112831, 0.993611, 0.37472, 3e-06, -0.993618, -0.11283, -0.0, 0.0, 0.0, 0.0, 1.0],
                [1.0, 6e-06, -1e-05, -0.0, 1.2e-05, -0.341764, 0.939782, 0.37472, 2e-06, -0.93979, -0.341761, -0.0, 0.0, 0.0, 0.0, 1.0],
                [1.0, -8e-06, -1.4e-05, 0.0, 1.1e-05, -0.344976, 0.938613, 0.37472, -1.2e-05, -0.93861, -0.344978, -0.0, 0.0, 0.0, 0.0, 1.0],
                [1.0, 2e-06, -3.9e-05, 0.0, 3.8e-05, 0.143648, 0.989629, 0.37472, 7e-06, -0.989628, 0.143648, -0.0, 0.0, 0.0, 0.0, 1.0],
                [1.0, 3e-06, -3.3e-05, -0.0, 3e-05, 0.339825, 0.940485, 0.37472, 1.4e-05, -0.940494, 0.339821, 0.0, 0.0, 0.0, 0.0, 1.0],
                [1.0, 1.7e-05, -1.6e-05, -0.0, 4e-06, 0.544445, 0.838797, 0.37472, 2.3e-05, -0.838797, 0.544444, -0.0, 0.0, 0.0, 0.0, 1.0],
                [1.0, 1.3e-05, -1.1e-05, -0.0, 2e-06, 0.577989, 0.816044, 0.37472, 1.7e-05, -0.816044, 0.577989, -0.0, 0.0, 0.0, 0.0, 1.0],
                [1.0, 1.2e-05, -4e-06, 0.0, -5e-06, 0.627118, 0.778924, 0.37472, 1.2e-05, -0.778924, 0.627118, -0.0, 0.0, 0.0, 0.0, 1.0],
                [1.0, 8e-06, -0.0, 0.0, -5e-06, 0.627678, 0.778473, 0.37472, 7e-06, -0.778473, 0.627677, 0.0, 0.0, 0.0, 0.0, 1.0],
                [1.0, 8e-06, -2e-06, 0.0, 2e-06, -0.041287, 0.999144, 0.37472, 8e-06, -0.999151, -0.041287, 0.0, 0.0, 0.0, 0.0, 1.0],
                [1.0, 1.8e-05, -2e-06, 0.0, 7e-06, -0.242868, 0.970048, 0.37472, 1.7e-05, -0.970073, -0.242862, -0.0, 0.0, 0.0, 0.0, 1.0],
                [1.0, 3.2e-05, 1e-05, -0.0, -1e-06, -0.265493, 0.9641, 0.37472, 3.3e-05, -0.964128, -0.265486, -0.0, 0.0, 0.0, 0.0, 1.0],
                [1.0, -3e-06, -1.7e-05, 0.0, 1.7e-05, 0.163962, 0.986463, 0.37472, -0.0, -0.986471, 0.16396, 0.0, 0.0, 0.0, 0.0, 1.0],
                [1.0, -2e-05, -8e-06, -0.0, 2.1e-05, 0.780172, 0.625566, 0.37472, -6e-06, -0.625567, 0.780171, 0.0, 0.0, 0.0, 0.0, 1.0],
                [1.0, -1.5e-05, -4e-06, 0.0, 1.6e-05, 0.888259, 0.459342, 0.37472, -3e-06, -0.459342, 0.88826, -0.0, 0.0, 0.0, 0.0, 1.0],
                [1.0, -9e-06, -6e-06, -0.0, 1.1e-05, 0.76626, 0.642532, 0.37472, -2e-06, -0.642532, 0.766259, -0.0, 0.0, 0.0, 0.0, 1.0],
                [1.0, -3e-06, -2e-06, -0.0, 3e-06, 0.609778, 0.792572, 0.37472, -1e-06, -0.792573, 0.609778, 0.0, 0.0, 0.0, 0.0, 1.0],
                [1.0, -1e-06, -1e-06, -0.0, 2e-06, 0.592867, 0.8053, 0.37472, -0.0, -0.805301, 0.592866, 0.0, 0.0, 0.0, 0.0, 1.0],
                [1.0, -0.0, -1e-06, -0.0, 1e-06, 0.583401, 0.812184, 0.37472, 0.0, -0.812185, 0.5834, -0.0, 0.0, 0.0, 0.0, 1.0],
                [1.0, 0.0, -0.0, 0.0, 0.0, 0.577848, 0.816144, 0.37472, 0.0, -0.816145, 0.577848, 0.0, 0.0, 0.0, 0.0, 1.0],
                [1.0, 0.0, -0.0, 0.0, -0.0, 0.577745, 0.816217, 0.37472, 0.0, -0.816218, 0.577744, -0.0, 0.0, 0.0, 0.0, 1.0],
                [1.0, 0.0, -0.0, 0.0, 0.0, 0.58382, 0.811883, 0.37472, 0.0, -0.811884, 0.58382, 0.0, 0.0, 0.0, 0.0, 1.0],
                [1.0, 0.0, -0.0, 0.0, 0.0, 0.617577, 0.78651, 0.37472, 0.0, -0.786511, 0.617576, -0.0, 0.0, 0.0, 0.0, 1.0],
                [1.0, -0.0, -1e-06, 0.0, 1e-06, 0.655567, 0.755137, 0.37472, 0.0, -0.755137, 0.655567, 0.0, 0.0, 0.0, 0.0, 1.0],
                [1.0, 0.0, 0.0, -0.0, -0.0, 0.703487, 0.710708, 0.37472, 0.0, -0.710708, 0.703487, -0.0, 0.0, 0.0, 0.0, 1.0]
            ]
        },
        {
            "name": "Knee_R",
            "time": [0.0, 0.0417, 1.4583],
            "transform": [
                [1.0, 0.0, -0.0, 0.0, -0.0, 1e-06, -1.0, 0.37472, -0.0, 1.0, 1e-06, 0.0, 0.0, 0.0, 0.0, 1.0],
                [1.0, 0.0, -0.0, 0.0, -0.0, 1e-06, -1.0, 0.37472, -0.0, 1.0, 1e-06, -0.0, 0.0, 0.0, 0.0, 1.0],
                [1.0, 0.0, -0.0, -0.0, -0.0, 1e-06, -1.0, 0.37472, -0.0, 1.0, 1e-06, -0.0, 0.0, 0.0, 0.0, 1.0]
            ]
        },
        {
            "name": "Thigh_L",
            "time": [0.0, 0.0417, 0.0833, 0.125, 0.1667, 0.2083, 0.25, 0.2917, 0.3333, 0.375, 0.4167, 0.4583, 0.5, 0.5417, 0.5833, 0.625, 0.6667, 0.7083, 0.75, 0.7917, 0.8333, 0.875, 0.9167, 0.9583, 1.0, 1.0417, 1.0833, 1.125, 1.1667, 1.2083, 1.25, 1.4583],
            "transform": [
                [0.530036, -0.707437, 0.467541, -0.191593, -0.797496, -0.228473, 0.558391, 0.060847, -0.288206, -0.668829, -0.685277, 0.075224, 0.0, 0.0, 0.0, 1.0],
                [0.604021, -0.679099, 0.417112, -0.189304, -0.745984, -0.297572, 0.595784, 0.075629, -0.280475, -0.671025, -0.686337, 0.070973, 0.0, 0.0, 0.0, 1.0],
                [0.672914, -0.644345, 0.363326, -0.187015, -0.68763, -0.363824, 0.628328, 0.073323, -0.272674, -0.672645, -0.687894, 0.075052, 0.0, 0.0, 0.0, 1.0],
                [0.670182, -0.724893, 0.159331, -0.184725, -0.683711, -0.519451, 0.512552, 0.071017, -0.28878, -0.452439, -0.843744, 0.079131, 0.0, 0.0, 0.0, 1.0],
                [0.672446, -0.736521, 0.073173, -0.182436, -0.690077, -0.58814, 0.421765, 0.068711, -0.267602, -0.334109, -0.903748, 0.083209, 0.0, 0.0, 0.0, 1.0],
                [0.679417, -0.733619, 0.014008, -0.171123, -0.695356, -0.637651, 0.331483, 0.08396, -0.23425, -0.234956, -0.943357, 0.049693, 0.0, 0.0, 0.0, 1.0],
                [0.638415, -0.765368, 0.081476, -0.15981, -0.72398, -0.561189, 0.401148, 0.099209, -0.261302, -0.315086, -0.912383, 0.016177, 0.0, 0.0, 0.0, 1.0],
                [0.579942, -0.767519, 0.273096, -0.148497, -0.80559, -0.490427, 0.332424, 0.114458, -0.121207, -0.41279, -0.902725, -0.017338, 0.0, 0.0, 0.0, 1.0],
                [0.478693, -0.725011, 0.495189, -0.108304, -0.859088, -0.503162, 0.093786, 0.118352, 0.181164, -0.470305, -0.863709, -0.056134, 0.0, 0.0, 0.0, 1.0],
                [0.382358, 0.070411, 0.921328, -0.068111, -0.525006, -0.803957, 0.279324, 0.122247, 0.760375, -0.590504, -0.270433, -0.094931, 0.0, 0.0, 0.0, 1.0],
                [-0.171547, 0.976992, 0.126721, -0.027918, -0.368818, -0.182962, 0.911317, 0.126142, 0.913534, 0.109597, 0.391719, -0.133727, 0.0, 0.0, 0.0, 1.0],
                [-0.458945, 0.880002, 0.122338, 0.042242, -0.566568, -0.395943, 0.722654, 0.10234, 0.684376, 0.262346, 0.680297, -0.110963, 0.0, 0.0, 0.0, 1.0],
                [-0.549311, 0.829467, -0.101207, 0.112402, -0.640941, -0.340523, 0.687923, 0.078538, 0.536146, 0.442751, 0.718692, -0.088199, 0.0, 0.0, 0.0, 1.0],
                [-0.705903, 0.671686, -0.224808, 0.186952, -0.641774, -0.472228, 0.604256, 0.060863, 0.29971, 0.570823, 0.764419, -0.028635, 0.0, 0.0, 0.0, 1.0],
                [-0.809467, 0.552996, -0.197379, 0.152203, -0.557372, -0.617957, 0.554496, 0.055965, 0.184662, 0.558859, 0.808441, 0.011176, 0.0, 0.0, 0.0, 1.0],
                [-0.919638, 0.362812, -0.150444, 0.117454, -0.387748, -0.777604, 0.494959, 0.051066, 0.062591, 0.513517, 0.855794, 0.050986, 0.0, 0.0, 0.0, 1.0],
                [-0.958861, -0.181509, -0.218266, 0.082706, 0.07121, -0.898087, 0.434015, 0.046168, -0.274799, 0.400617, 0.874066, 0.090796, 0.0, 0.0, 0.0, 1.0],
                [-0.821944, -0.419082, -0.385718, 0.029205, 0.158778, -0.818958, 0.55145, 0.055246, -0.54699, 0.392018, 0.739679, 0.083262, 0.0, 0.0, 0.0, 1.0],
                [-0.612673, -0.610398, -0.502043, -0.024296, 0.159198, -0.717519, 0.678102, 0.064324, -0.774137, 0.335531, 0.536778, 0.075727, 0.0, 0.0, 0.0, 1.0],
                [0.052919, -0.772392, -0.632938, -0.077797, 0.088907, -0.627665, 0.77339, 0.073402, -0.994633, -0.097199, 0.035455, 0.068192, 0.0, 0.0, 0.0, 1.0],
                [0.430323, -0.712924, -0.553681, -0.083529, 0.074871, -0.583074, 0.808961, 0.068628, -0.899565, -0.389569, -0.197534, 0.061891, 0.0, 0.0, 0.0, 1.0],
                [0.61341, -0.649286, -0.449617, -0.089261, 0.006734, -0.564985, 0.825074, 0.063854, -0.789736, -0.509136, -0.342196, 0.055591, 0.0, 0.0, 0.0, 1.0],
                [0.877168, -0.470415, -0.096364, -0.094992, -0.215099, -0.564357, 0.797015, 0.059079, -0.429312, -0.678388, -0.596222, 0.04929, 0.0, 0.0, 0.0, 1.0],
                [0.821656, -0.096262, 0.561797, -0.10972, -0.450188, -0.714122, 0.53606, 0.057503, 0.34959, -0.693371, -0.630098, 0.03758, 0.0, 0.0, 0.0, 1.0],
                [0.732807, -0.068154, 0.677014, -0.124448, -0.469667, -0.770602, 0.430797, 0.055926, 0.492348, -0.633662, -0.596712, 0.025869, 0.0, 0.0, 0.0, 1.0],
                [0.684984, -0.078832, 0.72428, -0.139176, -0.475474, -0.801604, 0.362429, 0.05435, 0.552015, -0.592635, -0.586569, 0.014159, 0.0, 0.0, 0.0, 1.0],
                [0.655337, -0.109625, 0.747339, -0.132121, -0.463972, -0.839172, 0.283759, 0.055718, 0.596039, -0.532702, -0.600804, -0.00147, 0.0, 0.0, 0.0, 1.0],
                [0.63357, -0.13289, 0.762187, -0.125065, -0.453606, -0.861862, 0.226792, 0.057086, 0.626762, -0.489421, -0.60633, -0.017099, 0.0, 0.0, 0.0, 1.0],
                [0.620471, -0.150565, 0.76964, -0.118009, -0.451116, -0.871296, 0.193231, 0.058455, 0.64149, -0.467091, -0.608536, -0.032727, 0.0, 0.0, 0.0, 1.0],
                [0.596018, -0.18293, 0.781856, -0.110953, -0.449436, -0.882893, 0.136042, 0.059823, 0.665409, -0.432478, -0.608435, -0.048356, 0.0, 0.0, 0.0, 1.0],
                [0.592439, -0.184361, 0.784236, -0.111038, -0.469982, -0.869737, 0.15058, 0.061191, 0.654318, -0.457786, -0.601913, -0.052556, 0.0, 0.0, 0.0, 1.0],
                [0.640251, -0.170844, 0.748927, -0.111467, -0.477625, -0.852119, 0.213933, 0.068032, 0.601626, -0.494677, -0.627169, -0.073555, 0.0, 0.0, 0.0, 1.0]
            ]
        },
        {
            "name": "Leg_L",
            "time": [0.0, 0.0417, 0.0833, 0.125, 0.1667, 0.2083, 0.25, 0.2917, 0.3333, 0.375, 0.4167, 0.4583, 0.5, 0.5417, 0.5833, 0.625, 0.6667, 0.7083, 0.75, 0.7917, 0.8333, 0.875, 0.9167, 0.9583, 1.0, 1.0417, 1.0833, 1.125, 1.1667, 1.2083, 1.25, 1.4583],
            "transform": [
                [1.0, -0.0, 0.0, 0.0, 0.0, 0.710329, 0.70387, 0.37472, -0.0, -0.70387, 0.710329, 0.0, 0.0, 0.0, 0.0, 1.0],
                [1.0, -9e-06, 9e-06, 0.0, -2e-06, 0.62027, 0.784388, 0.37472, -1.3e-05, -0.784389, 0.620269, 0.0, 0.0, 0.0, 0.0, 1.0],
                [1.0, -1.8e-05, 1.8e-05, 0.0, -6e-06, 0.520917, 0.853606, 0.37472, -2.5e-05, -0.853608, 0.520916, -0.0, 0.0, 0.0, 0.0, 1.0],
                [1.0, -1.3e-05, 1.3e-05, -0.0, 4e-06, 0.848059, 0.529903, 0.37472, -1.8e-05, -0.529905, 0.848056, 0.0, 0.0, 0.0, 0.0, 1.0],
                [1.0, -6e-06, 8e-06, 0.0, 3e-06, 0.952662, 0.304043, 0.37472, -1e-05, -0.304046, 0.952653, 0.0, 0.0, 0.0, 0.0, 1.0],
                [1.0, -0.0, 3e-06, 0.0, -0.0, 0.991117, 0.133, 0.37472, -3e-06, -0.133001, 0.991115, -0.0, 0.0, 0.0, 0.0, 1.0],
                [1.0, 1e-06, 8e-06, 0.0, -4e-06, 0.921251, 0.388969, 0.37472, -7e-06, -0.388968, 0.921251, 0.0, 0.0, 0.0, 0.0, 1.0],
                [1.0, -0.0, 1.1e-05, 0.0, -6e-06, 0.803454, 0.595367, 0.37472, -9e-06, -0.595367, 0.803454, -0.0, 0.0, 0.0, 0.0, 1.0],
                [1.0, -2e-06, 1e-05, 0.0, -5e-06, 0.729722, 0.683743, 0.37472, -9e-06, -0.683743, 0.729723, -0.0, 0.0, 0.0, 0.0, 1.0],
                [1.0, -3e-06, 8e-06, 0.0, -8e-06, -0.16029, 0.987062, 0.37472, -1e-06, -0.987079, -0.160288, -0.0, 0.0, 0.0, 0.0, 1.0],
                [1.0, -6e-06, 3.3e-05, -0.0, -3.4e-05, -0.07002, 0.997533, 0.37472, -4e-06, -0.997558, -0.070018, 0.0, 0.0, 0.0, 0.0, 1.0],
                [1.0, 1e-06, 3.8e-05, -0.0, -3.3e-05, 0.53322, 0.845976, 0.37472, -2e-05, -0.845978, 0.533219, 0.0, 0.0, 0.0, 0.0, 1.0],
                [1.0, -1e-06, 3.2e-05, -0.0, -3.2e-05, -0.05978, 0.998194, 0.37472, 1e-06, -0.998229, -0.059778, 0.0, 0.0, 0.0, 0.0, 1.0],
                [1.0, -7e-06, 1.6e-05, 0.0, -1.7e-05, -0.429733, 0.902941, 0.37472, 1e-06, -0.902979, -0.429715, -0.0, 0.0, 0.0, 0.0, 1.0],
                [1.0, -3e-06, 1.1e-05, -0.0, -1.1e-05, -0.500192, 0.865909, 0.37472, 3e-06, -0.865926, -0.500183, 0.0, 0.0, 0.0, 0.0, 1.0],
                [1.0, 1e-06, 6e-06, -0.0, -5e-06, -0.474444, 0.880285, 0.37472, 4e-06, -0.880286, -0.474444, 0.0, 0.0, 0.0, 0.0, 1.0],
                [1.0, 1.7e-05, 9e-06, -0.0, -4e-06, -0.276552, 0.961005, 0.37472, 1.9e-05, -0.960992, -0.276555, 0.0, 0.0, 0.0, 0.0, 1.0],
                [1.0, 4.2e-05, 2.3e-05, -0.0, -1.4e-05, -0.203052, 0.979183, 0.37472, 4.6e-05, -0.979152, -0.203058, -0.0, 0.0, 0.0, 0.0, 1.0],
                [1.0, 5.2e-05, 4e-05, 0.0, -3.1e-05, -0.177617, 0.984114, 0.37472, 5.8e-05, -0.984085, -0.177622, 0.0, 0.0, 0.0, 0.0, 1.0],
                [1.0, 5.5e-05, 5.7e-05, -0.0, -6e-05, 0.0484, 0.998829, 0.37472, 5.2e-05, -0.998827, 0.0484, 0.0, 0.0, 0.0, 0.0, 1.0],
                [1.0, 3.5e-05, 5.2e-05, -0.0, -5.8e-05, 0.200566, 0.97968, 0.37472, 2.4e-05, -0.979681, 0.200566, 0.0, 0.0, 0.0, 0.0, 1.0],
                [1.0, 2.2e-05, 4.2e-05, -0.0, -4.6e-05, 0.219809, 0.975542, 0.37472, 1.2e-05, -0.975543, 0.219808, 0.0, 0.0, 0.0, 0.0, 1.0],
                [1.0, 8e-06, 2.2e-05, 0.0, -2.3e-05, 0.19411, 0.980978, 0.37472, 4e-06, -0.980981, 0.19411, -0.0, 0.0, 0.0, 0.0, 1.0],
                [1.0, -3e-06, 2e-06, 0.0, -1e-06, 0.213845, 0.976867, 0.37472, -3e-06, -0.976868, 0.213845, -0.0, 0.0, 0.0, 0.0, 1.0],
                [1.0, -2e-06, 1e-06, 0.0, -1e-06, 0.275283, 0.961363, 0.37472, -2e-06, -0.961364, 0.275282, -0.0, 0.0, 0.0, 0.0, 1.0],
                [1.0, -1e-06, 1e-06, 0.0, -0.0, 0.326703, 0.945127, 0.37472, -1e-06, -0.945127, 0.326703, 0.0, 0.0, 0.0, 0.0, 1.0],
                [1.0, -0.0, 0.0, -0.0, -0.0, 0.403347, 0.915047, 0.37472, -0.0, -0.915047, 0.403347, 0.0, 0.0, 0.0, 0.0, 1.0],
                [1.0, -0.0, -0.0, 0.0, 0.0, 0.471026, 0.88212, 0.37472, -0.0, -0.882119, 0.471026, 0.0, 0.0, 0.0, 0.0, 1.0],
                [1.0, -1e-06, 0.0, 0.0, 0.0, 0.520291, 0.853989, 0.37472, -1e-06, -0.853988, 0.520292, -0.0, 0.0, 0.0, 0.0, 1.0],
                [1.0, -1e-06, 0.0, -0.0, 0.0, 0.601848, 0.798611, 0.37472, -1e-06, -0.79861, 0.601848, -0.0, 0.0, 0.0, 0.0, 1.0],
                [1.0, -1e-06, 0.0, 0.0, 0.0, 0.614324, 0.789054, 0.37472, -1e-06, -0.789053, 0.614324, -1e-06, 0.0, 0.0, 0.0, 1.0],
                [1.0, -0.0, 0.0, -0.0, 0.0, 0.663722, 0.747979, 0.37472, -0.0, -0.747979, 0.663723, -0.0, 0.0, 0.0, 0.0, 1.0]
            ]
        },
        {
            "name": "Knee_L",
            "time": [0.0, 0.0417, 1.4583],
            "transform": [
                [1.0, 0.0, -0.0, 0.0, -0.0, 1e-06, -1.0, 0.37472, -0.0, 1.0, 1e-06, 0.0, 0.0, 0.0, 0.0, 1.0],
                [1.0, 0.0, -0.0, 0.0, -0.0, 1e-06, -1.0, 0.37472, -0.0, 1.0, 1e-06, 0.0, 0.0, 0.0, 0.0, 1.0],
                [1.0, 0.0, -0.0, -0.0, -0.0, 1e-06, -1.0, 0.37472, -0.0, 1.0, 1e-06, -0.0, 0.0, 0.0, 0.0, 1.0]
            ]
        },
        {
            "name": "Torso",
            "time": [0.0, 0.0417, 0.0833, 0.125, 0.1667, 0.2083, 0.25, 0.2917, 0.3333, 0.375, 0.4167, 0.4583, 0.5, 0.5417, 0.5833, 0.625, 0.6667, 0.7083, 0.75, 0.7917, 0.8333, 0.875, 0.9167, 0.9583, 1.0, 1.0417, 1.0833, 1.125, 1.1667, 1.2083, 1.25, 1.4583],
            "transform": [
                [0.98758, 0.145112, 0.060229, 0.0, -0.108591, 0.907471, -0.405838, 0.05, -0.113548, 0.394258, 0.911958, -0.0, 0.0, 0.0, 0.0, 1.0],
                [0.983331, 0.14519, 0.109457, -0.0, -0.098998, 0.932447, -0.34748, 0.05, -0.152513, 0.330852, 0.931277, -0.0, 0.0, 0.0, 0.0, 1.0],
                [0.977125, 0.141898, 0.158404, -0.0, -0.091906, 0.953457, -0.287181, 0.05, -0.191782, 0.266053, 0.944688, 0.0, 0.0, 0.0, 0.0, 1.0],
                [0.946133, 0.130941, 0.296119, -0.0, -0.055864, 0.966878, -0.249051, 0.05, -0.318921, 0.219093, 0.92211, -0.0, 0.0, 0.0, 0.0, 1.0],
                [0.961112, 0.112181, 0.252346, -0.0, -0.054278, 0.972688, -0.225683, 0.05, -0.270771, 0.20321, 0.940951, 0.0, 0.0, 0.0, 0.0, 1.0],
                [0.989901, 0.137182, 0.035719, -0.0, -0.126878, 0.969794, -0.208332, 0.05, -0.063219, 0.201696, 0.977406, -0.0, 0.0, 0.0, 0.0, 1.0],
                [0.968891, 0.189745, -0.158892, 0.0, -0.218401, 0.957514, -0.188329, 0.05, 0.116407, 0.217173, 0.969167, 0.0, 0.0, 0.0, 0.0, 1.0],
                [0.946918, 0.20691, -0.246036, 0.0, -0.249901, 0.955213, -0.158485, 0.05, 0.202225, 0.211557, 0.956216, -0.0, 0.0, 0.0, 0.0, 1.0],
                [0.913168, 0.207447, -0.350842, -0.0, -0.265579, 0.955808, -0.126091, 0.05, 0.30918, 0.208318, 0.927907, -0.0, 0.0, 0.0, 0.0, 1.0],
                [0.436179, 0.013193, -0.899763, -0.0, -0.160703, 0.98496, -0.063462, 0.05, 0.885394, 0.172276, 0.431739, 0.0, 0.0, 0.0, 0.0, 1.0],
                [-0.424893, -0.187183, -0.885679, 0.0, -0.151159, 0.979322, -0.134457, 0.05, 0.892534, 0.076749, -0.444401, -0.0, 0.0, 0.0, 0.0, 1.0],
                [-0.797379, -0.233513, -0.556469, 0.0, -0.189048, 0.972345, -0.137136, 0.05, 0.573103, -0.00415, -0.819472, -0.0, 0.0, 0.0, 0.0, 1.0],
                [-0.964531, -0.067037, -0.255312, -0.0, -0.019043, 0.982366, -0.185997, 0.05, 0.263279, -0.174538, -0.948799, 0.0, 0.0, 0.0, 0.0, 1.0],
                [-0.990553, 0.106036, -0.086945, 0.0, 0.126708, 0.950197, -0.284729, 0.05, 0.052423, -0.293056, -0.954656, 0.0, 0.0, 0.0, 0.0, 1.0],
                [-0.974783, 0.216966, 0.0522, 0.0, 0.186394, 0.92023, -0.344143, 0.05, -0.122704, -0.325735, -0.937465, -0.0, 0.0, 0.0, 0.0, 1.0],
                [-0.918979, 0.318193, 0.232873, 0.0, 0.208419, 0.893329, -0.398152, 0.05, -0.334722, -0.317358, -0.887268, 0.0, 0.0, 0.0, 0.0, 1.0],
                [-0.429816, 0.384482, 0.816965, 0.0, 0.111523, 0.920485, -0.374527, 0.05, -0.896002, -0.069867, -0.438517, -0.0, 0.0, 0.0, 0.0, 1.0],
                [0.031431, 0.307378, 0.951068, 0.0, 0.107808, 0.944944, -0.308962, 0.05, -0.993675, 0.112244, -0.003438, 0.0, 0.0, 0.0, 0.0, 1.0],
                [0.268685, 0.258078, 0.928011, -0.0, 0.101184, 0.950546, -0.29364, 0.05, -0.957899, 0.172797, 0.229284, 0.0, 0.0, 0.0, 0.0, 1.0],
                [0.705891, 0.089007, 0.702706, -0.0, 0.001273, 0.991912, -0.126917, 0.05, -0.708319, 0.090484, 0.700068, 0.0, 0.0, 0.0, 0.0, 1.0],
                [0.91983, -0.038138, 0.390457, -0.0, 0.019716, 0.9985, 0.05108, 0.05, -0.39182, -0.039287, 0.919203, -0.0, 0.0, 0.0, 0.0, 1.0],
                [0.974476, -0.093043, 0.204299, -0.0, 0.074884, 0.992666, 0.0949, 0.05, -0.211631, -0.07718, 0.974297, -0.0, 0.0, 0.0, 0.0, 1.0],
                [0.989519, -0.131347, -0.059994, 0.0, 0.133901, 0.990158, 0.040724, 0.05, 0.054055, -0.048331, 0.997368, 0.0, 0.0, 0.0, 0.0, 1.0],
                [0.918187, -0.175941, -0.354933, -0.0, 0.160129, 0.984341, -0.073697, 0.05, 0.362342, 0.010833, 0.931982, -0.0, 0.0, 0.0, 0.0, 1.0],
                [0.893078, -0.186295, -0.409518, -0.0, 0.152728, 0.981726, -0.11353, 0.05, 0.423185, 0.038846, 0.90521, 0.0, 0.0, 0.0, 0.0, 1.0],
                [0.869698, -0.193914, -0.453896, -0.0, 0.140024, 0.978744, -0.149844, 0.05, 0.473305, 0.066763, 0.878365, 0.0, 0.0, 0.0, 0.0, 1.0],
                [0.824001, -0.20328, -0.528866, -0.0, 0.103308, 0.971679, -0.212524, 0.05, 0.55709, 0.120485, 0.821665, -0.0, 0.0, 0.0, 0.0, 1.0],
                [0.788482, -0.206639, -0.579307, -0.0, 0.073735, 0.966838, -0.244513, 0.05, 0.610622, 0.150079, 0.777571, -0.0, 0.0, 0.0, 0.0, 1.0],
                [0.771235, -0.207571, -0.601756, -0.0, 0.06191, 0.965318, -0.253632, 0.05, 0.633533, 0.158355, 0.757337, -0.0, 0.0, 0.0, 0.0, 1.0],
                [0.742759, -0.208496, -0.636269, -0.0, 0.046765, 0.964115, -0.261335, 0.05, 0.667924, 0.164354, 0.725855, -0.0, 0.0, 0.0, 0.0, 1.0],
                [0.730159, -0.20737, -0.651049, -0.0, 0.038425, 0.963787, -0.263889, 0.05, 0.682195, 0.167665, 0.711687, -0.0, 0.0, 0.0, 0.0, 1.0],
                [0.746177, -0.184763, -0.639596, -0.0, 0.023984, 0.967554, -0.251522, 0.05, 0.665316, 0.17234, 0.726398, -0.0, 0.0, 0.0, 0.0, 1.0]
            ]
        },
        {
            "name": "Chest",
            "time": [0.0, 0.0417, 0.0833, 0.125, 0.1667, 0.2083, 0.25, 0.2917, 0.3333, 0.375, 0.4167, 0.4583, 0.5, 0.5417, 0.5833, 0.625, 0.6667, 0.7083, 0.75, 0.7917, 0.8333, 0.875, 0.9167, 0.9583, 1.0, 1.0417, 1.0833, 1.125, 1.1667, 1.2083, 1.25, 1.4583],
            "transform": [
                [0.824967, 0.21659, 0.522033, -0.0, -0.475735, 0.764779, 0.434499, 0.3, -0.305132, -0.606797, 0.733957, -0.0, 0.0, 0.0, 0.0, 1.0],
                [0.892654, 0.195231, 0.406267, 0.0, -0.345818, 0.874735, 0.339483, 0.3, -0.289098, -0.443535, 0.848351, 0.0, 0.0, 0.0, 0.0, 1.0],
                [0.945456, 0.147987, 0.290194, -0.0, -0.215498, 0.9522, 0.21651, 0.3, -0.244282, -0.267237, 0.932154, -0.0, 0.0, 0.0, 0.0, 1.0],
                [0.939205, 0.205811, 0.274838, 0.0, -0.214238, 0.976781, 0.000657, 0.3, -0.268321, -0.059498, 0.96149, -0.0, 0.0, 0.0, 0.0, 1.0],
                [0.935168, 0.237874, 0.262442, 0.0, -0.228627, 0.971295, -0.065692, 0.3, -0.270535, 0.001432, 0.962709, 0.0, 0.0, 0.0, 0.0, 1.0],
                [0.915595, 0.279367, 0.289205, -0.0, -0.25552, 0.959577, -0.117985, 0.3, -0.310476, 0.034129, 0.949968, -0.0, 0.0, 0.0, 0.0, 1.0],
                [0.918951, 0.279187, 0.278538, 0.0, -0.254408, 0.959341, -0.122237, 0.3, -0.30134, 0.041468, 0.952614, 0.0, 0.0, 0.0, 0.0, 1.0],
                [0.959549, 0.230856, 0.161158, -0.0, -0.21826, 0.971529, -0.09216, 0.3, -0.177845, 0.053258, 0.982616, -0.0, 0.0, 0.0, 0.0, 1.0],
                [0.984851, 0.171852, 0.023122, -0.0, -0.169895, 0.983002, -0.069589, 0.3, -0.034688, 0.064606, 0.997308, 0.0, 0.0, 0.0, 0.0, 1.0],
                [0.984495, 0.155984, -0.080233, -0.0, -0.144596, 0.980619, 0.132202, 0.3, 0.099299, -0.118551, 0.98797, 0.0, 0.0, 0.0, 0.0, 1.0],
                [0.935007, 0.101067, 0.339921, 0.0, -0.194895, 0.947243, 0.254451, 0.3, -0.296271, -0.304162, 0.905378, -0.0, 0.0, 0.0, 0.0, 1.0],
                [0.942562, 0.068993, 0.326827, 0.0, -0.152637, 0.959271, 0.237699, 0.3, -0.297117, -0.273932, 0.914704, 0.0, 0.0, 0.0, 0.0, 1.0],
                [0.976243, -0.052798, 0.210147, 0.0, -0.020468, 0.943049, 0.332023, 0.3, -0.215709, -0.328436, 0.919565, 0.0, 0.0, 0.0, 0.0, 1.0],
                [0.990616, -0.111254, 0.079383, -0.0, 0.073779, 0.924239, 0.374617, 0.3, -0.115047, -0.365245, 0.923775, 0.0, 0.0, 0.0, 0.0, 1.0],
                [0.991767, -0.11351, -0.059275, 0.0, 0.127885, 0.901766, 0.412873, 0.3, 0.006587, -0.417054, 0.908858, 0.0, 0.0, 0.0, 0.0, 1.0],
                [0.970869, -0.121366, -0.206601, 0.0, 0.205952, 0.863358, 0.460648, 0.3, 0.122464, -0.489778, 0.863203, 0.0, 0.0, 0.0, 0.0, 1.0],
                [0.966041, -0.199195, -0.164575, 0.0, 0.250207, 0.880152, 0.403397, 0.3, 0.064497, -0.430876, 0.900103, -0.0, 0.0, 0.0, 0.0, 1.0],
                [0.982691, -0.184685, 0.014497, 0.0, 0.166225, 0.913597, 0.371092, 0.3, -0.08178, -0.362258, 0.928483, 0.0, 0.0, 0.0, 0.0, 1.0],
                [0.97655, -0.192904, 0.095591, -0.0, 0.145667, 0.918985, 0.366398, 0.3, -0.158526, -0.343881, 0.925535, -0.0, 0.0, 0.0, 0.0, 1.0],
                [0.955138, -0.23109, 0.185223, 0.0, 0.186102, 0.954839, 0.231619, 0.3, -0.230383, -0.186758, 0.95501, 0.0, 0.0, 0.0, 0.0, 1.0],
                [0.951402, -0.18255, 0.24801, -0.0, 0.166695, 0.982451, 0.083679, 0.3, -0.258934, -0.03827, 0.965137, -0.0, 0.0, 0.0, 0.0, 1.0],
                [0.952883, -0.118809, 0.279102, -0.0, 0.118536, 0.992788, 0.01792, 0.3, -0.279218, 0.016008, 0.960094, -0.0, 0.0, 0.0, 0.0, 1.0],
                [0.951998, -0.013527, 0.305806, 0.0, 0.01573, 0.999865, -0.004741, 0.3, -0.305701, 0.009324, 0.952082, -0.0, 0.0, 0.0, 0.0, 1.0],
                [0.94584, 0.096907, 0.309832, 0.0, -0.107829, 0.994001, 0.018278, 0.3, -0.306202, -0.050697, 0.950615, 0.0, 0.0, 0.0, 0.0, 1.0],
                [0.949239, 0.11136, 0.294182, -0.0, -0.130717, 0.990309, 0.046915, 0.3, -0.286107, -0.082988, 0.954597, -0.0, 0.0, 0.0, 0.0, 1.0],
                [0.954036, 0.11892, 0.275087, -0.0, -0.144713, 0.986598, 0.075378, 0.3, -0.262436, -0.111722, 0.95846, 0.0, 0.0, 0.0, 0.0, 1.0],
                [0.963678, 0.117838, 0.239661, -0.0, -0.151288, 0.980389, 0.126288, 0.3, -0.22008, -0.157959, 0.962608, 0.0, 0.0, 0.0, 0.0, 1.0],
                [0.965663, 0.110858, 0.234957, -0.0, -0.148624, 0.977508, 0.149629, 0.3, -0.213085, -0.179411, 0.96042, -0.0, 0.0, 0.0, 0.0, 1.0],
                [0.962176, 0.104888, 0.251425, -0.0, -0.1454, 0.978187, 0.148353, 0.3, -0.230381, -0.179299, 0.956439, 0.0, 0.0, 0.0, 0.0, 1.0],
                [0.945557, 0.095077, 0.311258, -0.0, -0.13941, 0.982517, 0.123386, 0.3, -0.294085, -0.160061, 0.942281, 0.0, 0.0, 0.0, 0.0, 1.0],
                [0.933494, 0.092408, 0.346481, 0.0, -0.134981, 0.98571, 0.100773, 0.3, -0.332218, -0.140839, 0.932628, 0.0, 0.0, 0.0, 0.0, 1.0],
                [0.962287, 0.083955, 0.258758, 0.0, -0.108298, 0.99079, 0.081278, 0.3, -0.249551, -0.106235, 0.962517, 0.0, 0.0, 0.0, 0.0, 1.0]
            ]
        },
        {
            "name": "Head",
            "time": [0.0, 0.0417, 0.0833, 0.125, 0.1667, 0.2083, 0.25, 0.2917, 0.3333, 0.375, 0.4167, 0.4583, 0.5, 0.5417, 0.5833, 0.625, 0.6667, 0.7083, 0.75, 0.7917, 0.8333, 0.875, 0.9167, 0.9583, 1.0, 1.0417, 1.0833, 1.125, 1.1667, 1.2083, 1.25, 1.4583],
            "transform": [
                [0.553964, 0.695539, -0.457547, -0.0, -0.489918, 0.716691, 0.49632, 0.4, 0.67313, -0.050783, 0.737779, -0.0, 0.0, 0.0, 0.0, 1.0],
                [0.803093, 0.507319, -0.312527, 0.0, -0.373717, 0.837362, 0.398949, 0.4, 0.464097, -0.203596, 0.862066, 0.0, 0.0, 0.0, 0.0, 1.0],
                [0.956728, 0.264024, -0.122392, -0.0, -0.211379, 0.919536, 0.331315, 0.4, 0.200023, -0.291107, 0.935539, -0.0, 0.0, 0.0, 0.0, 1.0],
                [0.668321, 0.583051, -0.461953, 0.0, -0.380552, 0.801568, 0.461155, 0.4, 0.639174, -0.132401, 0.757581, 0.0, 0.0, 0.0, 0.0, 1.0],
                [0.67199, 0.553382, -0.492138, -0.0, -0.34563, 0.822081, 0.452458, 0.4, 0.654968, -0.133948, 0.743693, 0.0, 0.0, 0.0, 0.0, 1.0],
                [0.59833, 0.46402, -0.653214, 0.0, -0.315123, 0.885817, 0.340616, 0.4, 0.736689, 0.002042, 0.676233, 0.0, 0.0, 0.0, 0.0, 1.0],
                [0.317288, 0.429044, -0.845724, -0.0, -0.349288, 0.881976, 0.3164, 0.4, 0.881668, 0.19501, 0.429699, 0.0, 0.0, 0.0, 0.0, 1.0],
                [0.232639, 0.416556, -0.878839, -0.0, -0.287438, 0.892712, 0.347046, 0.4, 0.929121, 0.171874, 0.327413, 0.0, 0.0, 0.0, 0.0, 1.0],
                [0.231218, 0.399682, -0.887012, 0.0, -0.152441, 0.91534, 0.372709, 0.4, 0.960886, 0.04904, 0.272571, 0.0, 0.0, 0.0, 0.0, 1.0],
                [0.631433, 0.418317, -0.652919, -0.0, -0.020418, 0.850685, 0.525278, 0.4, 0.775164, -0.318346, 0.54569, 0.0, 0.0, 0.0, 0.0, 1.0],
                [0.807814, 0.46025, -0.368256, -0.0, -0.171648, 0.781365, 0.600005, 0.4, 0.5639, -0.421488, 0.710182, -0.0, 0.0, 0.0, 0.0, 1.0],
                [0.975547, 0.151714, 0.159154, 0.0, -0.219802, 0.692874, 0.686728, 0.4, -0.006088, -0.704927, 0.709239, 0.0, 0.0, 0.0, 0.0, 1.0],
                [0.880631, -0.291345, 0.37367, -0.0, -0.049594, 0.72762, 0.684174, 0.4, -0.471236, -0.621032, 0.626298, -0.0, 0.0, 0.0, 0.0, 1.0],
                [0.595306, -0.557558, 0.578568, 0.0, 0.254285, 0.813774, 0.522592, 0.4, -0.762214, -0.163979, 0.626218, 0.0, 0.0, 0.0, 0.0, 1.0],
                [0.435921, -0.495064, 0.751589, -0.0, 0.313206, 0.866354, 0.389008, 0.4, -0.84373, 0.065825, 0.532722, -0.0, 0.0, 0.0, 0.0, 1.0],
                [0.413573, -0.382118, 0.826406, 0.0, 0.238566, 0.921432, 0.30667, 0.4, -0.878658, 0.070322, 0.472243, 0.0, 0.0, 0.0, 0.0, 1.0],
                [0.955216, -0.295899, 0.001989, 0.0, 0.265379, 0.85963, 0.43659, 0.4, -0.130896, -0.41651, 0.899659, 0.0, 0.0, 0.0, 0.0, 1.0],
                [0.751676, 0.186188, -0.632704, 0.0, 0.220052, 0.833557, 0.506719, 0.4, 0.621739, -0.52012, 0.58559, -0.0, 0.0, 0.0, 0.0, 1.0],
                [0.547243, 0.428117, -0.719191, -0.0, 0.147441, 0.796541, 0.586337, 0.4, 0.823881, -0.426915, 0.372775, -0.0, 0.0, 0.0, 0.0, 1.0],
                [0.547949, 0.395027, -0.737359, 0.0, 0.163395, 0.813964, 0.557472, 0.4, 0.820393, -0.425957, 0.38146, 0.0, 0.0, 0.0, 0.0, 1.0],
                [0.663131, 0.211353, -0.71804, -0.0, 0.191808, 0.879296, 0.435955, 0.4, 0.723505, -0.426826, 0.542547, -0.0, 0.0, 0.0, 0.0, 1.0],
                [0.661381, 0.182004, -0.727631, -0.0, 0.172328, 0.907291, 0.383579, 0.4, 0.729981, -0.379086, 0.568699, -0.0, 0.0, 0.0, 0.0, 1.0],
                [0.540746, 0.26565, -0.798137, -0.0, 0.085263, 0.926631, 0.366182, 0.4, 0.836853, -0.266064, 0.47842, 0.0, 0.0, 0.0, 0.0, 1.0],
                [0.355693, 0.369088, -0.858635, 0.0, 0.016238, 0.91614, 0.400531, 0.4, 0.934462, -0.156409, 0.31987, -0.0, 0.0, 0.0, 0.0, 1.0],
                [0.38681, 0.366261, -0.846303, 0.0, 0.068205, 0.903866, 0.422345, 0.4, 0.919634, -0.221089, 0.324643, -0.0, 0.0, 0.0, 0.0, 1.0],
                [0.450695, 0.351125, -0.820722, 0.0, 0.114658, 0.88901, 0.443302, 0.4, 0.885284, -0.293896, 0.360412, -0.0, 0.0, 0.0, 0.0, 1.0],
                [0.541964, 0.318188, -0.777837, -0.0, 0.159898, 0.869608, 0.467136, 0.4, 0.82505, -0.377547, 0.420418, -0.0, 0.0, 0.0, 0.0, 1.0],
                [0.573152, 0.297533, -0.763525, 0.0, 0.191859, 0.857133, 0.478031, 0.4, 0.796673, -0.420475, 0.434182, -0.0, 0.0, 0.0, 0.0, 1.0],
