{
    "animation": [
        {
            "name": "Root",
            "time": [0.0, 0.0417, 0.0833, 0.125, 0.1667, 0.2083, 0.25, 0.2917, 0.3333, 0.375, 0.4167, 0.4583, 0.5, 0.5417, 0.5833, 0.625, 0.6667, 0.7083, 0.75, 0.7917, 0.8333, 0.875, 0.9167, 0.9583, 1.0, 1.0417, 1.0833, 1.125, 1.1667, 1.25],
            "transform": [
                [-0.0, 0.0, 1.0, 0.02436, 1.0, -0.0, 0.0, 0.142558, 0.0, 1.0, -0.0, 0.499584, 0.0, 0.0, 0.0, 1.0],
                [-0.0, 0.0, 1.0, 0.026759, 1.0, -0.0, 0.0, 0.173004, 0.0, 1.0, -0.0, 0.4921, 0.0, 0.0, 0.0, 1.0],
                [-0.0, 0.0, 1.0, 0.030056, 1.0, -0.0, 0.0, 0.232235, 0.0, 1.0, -0.0, 0.484616, 0.0, 0.0, 0.0, 1.0],
                [-0.0, 0.0, 1.0, 0.034581, 1.0, -0.0, 0.0, 0.30042, 0.0, 1.0, -0.0, 0.477131, 0.0, 0.0, 0.0, 1.0],
                [-0.0, 0.0, 1.0, 0.049251, 1.0, -0.0, 0.0, 0.380227, 0.0, 1.0, -0.0, 0.469647, 0.0, 0.0, 0.0, 1.0],
                [-0.0, 0.0, 1.0, 0.077163, 1.0, -0.0, 0.0, 0.481295, 0.0, 1.0, -0.0, 0.403584, 0.0, 0.0, 0.0, 1.0],
                [-0.0, 0.0, 1.0, 0.107298, 1.0, -0.0, 0.0, 0.630019, 0.0, 1.0, -0.0, 0.337521, 0.0, 0.0, 0.0, 1.0],
                [-0.0, 0.0, 1.0, 0.129163, 1.0, -0.0, 0.0, 0.801527, 0.0, 1.0, -0.0, 0.246978, 0.0, 0.0, 0.0, 1.0],
                [-0.0, 0.0, 1.0, 0.138908, 1.0, -0.0, 0.0, 0.922981, 0.0, 1.0, -0.0, 0.229272, 0.0, 0.0, 0.0, 1.0],
                [-0.0, 0.0, 1.0, 0.139941, 1.0, -0.0, 0.0, 1.014111, 0.0, 1.0, -0.0, 0.211565, 0.0, 0.0, 0.0, 1.0],
                [-0.0, 0.0, 1.0, 0.142655, 1.0, -0.0, 0.0, 1.081406, 0.0, 1.0, -0.0, 0.193858, 0.0, 0.0, 0.0, 1.0],
                [-0.0, 0.0, 1.0, 0.149948, 1.0, -0.0, 0.0, 1.122764, 0.0, 1.0, -0.0, 0.206899, 0.0, 0.0, 0.0, 1.0],
                [-0.0, 0.0, 1.0, 0.15417, 1.0, -0.0, 0.0, 1.13932, 0.0, 1.0, -0.0, 0.21994, 0.0, 0.0, 0.0, 1.0],
                [-0.0, 0.0, 1.0, 0.15754, 1.0, -0.0, 0.0, 1.131693, 0.0, 1.0, -0.0, 0.232981, 0.0, 0.0, 0.0, 1.0],
                [-0.0, 0.0, 1.0, 0.161831, 1.0, -0.0, 0.0, 1.110496, 0.0, 1.0, -0.0, 0.246022, 0.0, 0.0, 0.0, 1.0],
                [-0.0, 0.0, 1.0, 0.169471, 1.0, -0.0, 0.0, 1.101458, 0.0, 1.0, -0.0, 0.259063, 0.0, 0.0, 0.0, 1.0],
                [-0.0, 0.0, 1.0, 0.179324, 1.0, -0.0, 0.0, 1.097805, 0.0, 1.0, -0.0, 0.249839, 0.0, 0.0, 0.0, 1.0],
                [-0.0, 0.0, 1.0, 0.184276, 1.0, -0.0, 0.0, 1.093894, 0.0, 1.0, -0.0, 0.240614, 0.0, 0.0, 0.0, 1.0],
                [-0.0, 0.0, 1.0, 0.184557, 1.0, -0.0, 0.0, 1.088473, 0.0, 1.0, -0.0, 0.23139, 0.0, 0.0, 0.0, 1.0],
                [-0.0, 0.0, 1.0, 0.184318, 1.0, -0.0, 0.0, 1.082694, 0.0, 1.0, -0.0, 0.222165, 0.0, 0.0, 0.0, 1.0],
                [-0.0, 0.0, 1.0, 0.182603, 1.0, -0.0, 0.0, 1.076277, 0.0, 1.0, -0.0, 0.213706, 0.0, 0.0, 0.0, 1.0],
                [-0.0, 0.0, 1.0, 0.179614, 1.0, -0.0, 0.0, 1.070121, 0.0, 1.0, -0.0, 0.205247, 0.0, 0.0, 0.0, 1.0],
                [-0.0, 0.0, 1.0, 0.17532, 1.0, -0.0, 0.0, 1.066462, 0.0, 1.0, -0.0, 0.196787, 0.0, 0.0, 0.0, 1.0],
                [-0.0, 0.0, 1.0, 0.166171, 1.0, -0.0, 0.0, 1.068402, 0.0, 1.0, -0.0, 0.241186, 0.0, 0.0, 0.0, 1.0],
                [-0.0, 0.0, 1.0, 0.147582, 1.0, -0.0, 0.0, 1.079762, 0.0, 1.0, -0.0, 0.309284, 0.0, 0.0, 0.0, 1.0],
                [-0.0, 0.0, 1.0, 0.126076, 1.0, -0.0, 0.0, 1.076457, 0.0, 1.0, -0.0, 0.397965, 0.0, 0.0, 0.0, 1.0],
                [-0.0, 0.0, 1.0, 0.10359, 1.0, -0.0, 0.0, 1.058927, 0.0, 1.0, -0.0, 0.467934, 0.0, 0.0, 0.0, 1.0],
                [-0.0, 0.0, 1.0, 0.080319, 1.0, -0.0, 0.0, 1.038015, 0.0, 1.0, -0.0, 0.4983, 0.0, 0.0, 0.0, 1.0],
                [-0.0, 0.0, 1.0, 0.057063, 1.0, -0.0, 0.0, 1.022255, 0.0, 1.0, -0.0, 0.496869, 0.0, 0.0, 0.0, 1.0],
                [-0.0, 0.0, 1.0, 0.041312, 1.0, -0.0, 0.0, 1.017022, 0.0, 1.0, -0.0, 0.494009, 0.0, 0.0, 0.0, 1.0]
            ]
        },
        {
            "name": "Thigh_R",
            "time": [0.0, 0.0417, 0.0833, 0.125, 0.1667, 0.2083, 0.25, 0.2917, 0.3333, 0.375, 0.4167, 0.4583, 0.5, 0.5417, 0.5833, 0.625, 0.6667, 0.7083, 0.75, 0.7917, 0.8333, 0.875, 0.9167, 0.9583, 1.0, 1.0417, 1.0833, 1.125, 1.1667, 1.25],
            "transform": [
                [-0.039758, 0.696134, 0.71681, -0.010836, 0.283215, -0.680107, 0.676198, 0.06526, 0.958232, 0.229896, -0.170116, 0.116738, 0.0, 0.0, 0.0, 1.0],
                [-0.242741, 0.817893, 0.521658, -0.056033, 0.125343, -0.50679, 0.852908, 0.072103, 0.961959, 0.272422, 0.020501, 0.120159, 0.0, 0.0, 0.0, 1.0],
                [-0.336838, 0.87292, 0.352918, -0.10123, 0.027002, -0.365711, 0.930337, 0.078945, 0.941175, 0.322902, 0.099614, 0.12358, 0.0, 0.0, 0.0, 1.0],
                [-0.354526, 0.886896, 0.296187, -0.146427, 0.034153, -0.304268, 0.951974, 0.085788, 0.934422, 0.347615, 0.07758, 0.127001, 0.0, 0.0, 0.0, 1.0],
                [-0.375262, 0.913197, 0.158898, -0.103616, -0.013051, -0.176614, 0.984194, 0.082051, 0.926827, 0.367257, 0.078194, 0.119619, 0.0, 0.0, 0.0, 1.0],
                [-0.29482, 0.948004, 0.119873, -0.060805, -0.156567, -0.171677, 0.972632, 0.078315, 0.942639, 0.267983, 0.19904, 0.112236, 0.0, 0.0, 0.0, 1.0],
                [-0.196918, 0.937172, 0.287978, -0.017994, -0.195689, -0.325389, 0.92511, 0.074578, 0.960692, 0.125817, 0.247469, 0.104853, 0.0, 0.0, 0.0, 1.0],
                [-0.046633, 0.997771, -0.047731, 0.024818, -0.023967, 0.046652, 0.998624, 0.070842, 0.998625, 0.047713, 0.021738, 0.09747, 0.0, 0.0, 0.0, 1.0],
                [0.018347, 0.950173, -0.311182, 0.037918, 0.219637, 0.299802, 0.928374, 0.05225, 0.975409, -0.08538, -0.203193, 0.101567, 0.0, 0.0, 0.0, 1.0],
                [0.108592, 0.957808, -0.266102, 0.051017, 0.507149, 0.176852, 0.843518, 0.033658, 0.85499, -0.226553, -0.466547, 0.105663, 0.0, 0.0, 0.0, 1.0],
                [0.297343, 0.954148, -0.034462, 0.064117, 0.656107, -0.177975, 0.733382, 0.015066, 0.693622, -0.240677, -0.678943, 0.10976, 0.0, 0.0, 0.0, 1.0],
                [0.521537, 0.844245, 0.123491, 0.075079, 0.646411, -0.485428, 0.588653, 0.02682, 0.556914, -0.227178, -0.798898, 0.087254, 0.0, 0.0, 0.0, 1.0],
                [0.671844, 0.731156, 0.118478, 0.086041, 0.617562, -0.641262, 0.455412, 0.038574, 0.408953, -0.232798, -0.882362, 0.064747, 0.0, 0.0, 0.0, 1.0],
                [0.673408, 0.735204, 0.077441, 0.097003, 0.650496, -0.639052, 0.410448, 0.050329, 0.351251, -0.226024, -0.90859, 0.042241, 0.0, 0.0, 0.0, 1.0],
                [0.644275, 0.76302, 0.052058, 0.098529, 0.671904, -0.597224, 0.438027, 0.052177, 0.365313, -0.247232, -0.897453, 0.04799, 0.0, 0.0, 0.0, 1.0],
                [0.651024, 0.758059, 0.03892, 0.100055, 0.656846, -0.588316, 0.471632, 0.054026, 0.380422, -0.281479, -0.880936, 0.053739, 0.0, 0.0, 0.0, 1.0],
                [0.671789, 0.740666, 0.010671, 0.101581, 0.645165, -0.592126, 0.482855, 0.055875, 0.363952, -0.317492, -0.875636, 0.059487, 0.0, 0.0, 0.0, 1.0],
                [0.674934, 0.737517, -0.023104, 0.103107, 0.655072, -0.584485, 0.478809, 0.057724, 0.339625, -0.338299, -0.877615, 0.065236, 0.0, 0.0, 0.0, 1.0],
                [0.675736, 0.735803, -0.044435, 0.104632, 0.664906, -0.582383, 0.467685, 0.059573, 0.318245, -0.345577, -0.882778, 0.070985, 0.0, 0.0, 0.0, 1.0],
                [0.671072, 0.738958, -0.060021, 0.108009, 0.676332, -0.577009, 0.45786, 0.073363, 0.303706, -0.347851, -0.886996, 0.087026, 0.0, 0.0, 0.0, 1.0],
                [0.663722, 0.743916, -0.07786, 0.108009, 0.689721, -0.568426, 0.448527, 0.073363, 0.289408, -0.351399, -0.890372, 0.087026, 0.0, 0.0, 0.0, 1.0],
                [0.649721, 0.754852, -0.089786, 0.108009, 0.702946, -0.551643, 0.44895, 0.073363, 0.28936, -0.354807, -0.889035, 0.087026, 0.0, 0.0, 0.0, 1.0],
                [0.635096, 0.768274, -0.080053, 0.108009, 0.704011, -0.533077, 0.469253, 0.073363, 0.317841, -0.354379, -0.879428, 0.087026, 0.0, 0.0, 0.0, 1.0],
                [0.621819, 0.783154, 0.003425, 0.108009, 0.657048, -0.52406, 0.541894, 0.073363, 0.426181, -0.334709, -0.84044, 0.087026, 0.0, 0.0, 0.0, 1.0],
                [0.576092, 0.790352, 0.208476, 0.108009, 0.542947, -0.560667, 0.625188, 0.073363, 0.611004, -0.246975, -0.752115, 0.087026, 0.0, 0.0, 0.0, 1.0],
                [0.566146, 0.727749, 0.387117, 0.108009, 0.434125, -0.662459, 0.610477, 0.073363, 0.700724, -0.177562, -0.690983, 0.087026, 0.0, 0.0, 0.0, 1.0],
                [0.566532, 0.66377, 0.488315, 0.108009, 0.389776, -0.737958, 0.550902, 0.073363, 0.726028, -0.12177, -0.676798, 0.087026, 0.0, 0.0, 0.0, 1.0],
                [0.524141, 0.629324, 0.573784, 0.108009, 0.399152, -0.776696, 0.487259, 0.073363, 0.7523, -0.026365, -0.658294, 0.087026, 0.0, 0.0, 0.0, 1.0],
                [0.437604, 0.606316, 0.66399, 0.108009, 0.431766, -0.789437, 0.436311, 0.073363, 0.788721, 0.095757, -0.607248, 0.087026, 0.0, 0.0, 0.0, 1.0],
                [0.386889, 0.581651, 0.715541, 0.10801, 0.462337, -0.793745, 0.395239, 0.073363, 0.797848, 0.177908, -0.57601, 0.087026, 0.0, 0.0, 0.0, 1.0]
            ]
        },
        {
            "name": "Leg_R",
            "time": [0.0, 0.0417, 0.0833, 0.125, 0.1667, 0.2083, 0.25, 0.2917, 0.3333, 0.375, 0.4167, 0.4583, 0.5, 0.5417, 0.5833, 0.625, 0.6667, 0.7083, 0.75, 0.7917, 0.8333, 0.875, 0.9167, 0.9583, 1.0, 1.0417, 1.0833, 1.125, 1.1667, 1.25],
            "transform": [
                [1.0, -1.4e-05, -3.2e-05, -0.0, 3.4e-05, 0.53254, 0.846405, 0.37472, 5e-06, -0.846406, 0.532539, -0.0, 0.0, 0.0, 0.0, 1.0],
                [1.0, -2e-06, -1.5e-05, 0.0, 1.5e-05, 0.427915, 0.903816, 0.37472, 4e-06, -0.903823, 0.427912, -0.0, 0.0, 0.0, 0.0, 1.0],
                [1.0, 0.0, 7e-06, -0.0, -7e-06, 0.209573, 0.977786, 0.37472, -1e-06, -0.9778, 0.20957, 0.0, 0.0, 0.0, 0.0, 1.0],
                [1.0, -1e-06, 1.1e-05, 0.0, -1.1e-05, 0.042195, 0.999102, 0.37472, -1e-06, -0.999116, 0.042195, 0.0, 0.0, 0.0, 0.0, 1.0],
                [1.0, -1.1e-05, 2e-05, 0.0, -2.1e-05, -0.138193, 0.990403, 0.37472, -8e-06, -0.990408, -0.138193, 0.0, 0.0, 0.0, 0.0, 1.0],
                [1.0, -2.5e-05, 2e-05, -0.0, -1.4e-05, 0.197938, 0.980214, 0.37472, -2.8e-05, -0.980215, 0.197937, -0.0, 0.0, 0.0, 0.0, 1.0],
                [1.0, -2.1e-05, -6e-06, -0.0, 2e-05, 0.772059, 0.635551, 0.37472, -9e-06, -0.635551, 0.772059, 0.0, 0.0, 0.0, 0.0, 1.0],
                [1.0, -7e-06, -5.9e-05, 0.0, 5.9e-05, 0.173772, 0.984791, 0.37472, 3e-06, -0.98478, 0.173773, -0.0, 0.0, 0.0, 0.0, 1.0],
                [1.0, 1.3e-05, -4.9e-05, -0.0, 4.9e-05, -0.514035, 0.857767, 0.37472, -1.4e-05, -0.857773, -0.514032, -0.0, 0.0, 0.0, 0.0, 1.0],
                [1.0, 8e-06, -2.5e-05, -0.0, 2.2e-05, -0.758863, 0.651255, 0.37472, -1.4e-05, -0.651284, -0.758829, 0.0, 0.0, 0.0, 0.0, 1.0],
                [1.0, 3e-06, -1.3e-05, 0.0, 1e-05, -0.816704, 0.577068, 0.37472, -9e-06, -0.577089, -0.816673, 0.0, 0.0, 0.0, 0.0, 1.0],
                [1.0, 0.0, -6e-06, -0.0, 4e-06, -0.792892, 0.609365, 0.37472, -5e-06, -0.609369, -0.792886, -0.0, 0.0, 0.0, 0.0, 1.0],
                [1.0, -0.0, -1e-06, 0.0, 1e-06, -0.71589, 0.698213, 0.37472, -1e-06, -0.698212, -0.71589, 0.0, 0.0, 0.0, 0.0, 1.0],
                [1.0, -1e-06, -1e-06, -0.0, 0.0, -0.620565, 0.784155, 0.37472, -1e-06, -0.784155, -0.620565, -0.0, 0.0, 0.0, 0.0, 1.0],
                [1.0, -1e-06, -1e-06, -0.0, 0.0, -0.572192, 0.82012, 0.37472, -1e-06, -0.820119, -0.572193, 0.0, 0.0, 0.0, 0.0, 1.0],
                [1.0, -1e-06, -1e-06, 0.0, 0.0, -0.573392, 0.819281, 0.37472, -1e-06, -0.819281, -0.573392, 0.0, 0.0, 0.0, 0.0, 1.0],
                [1.0, -1e-06, -1e-06, 0.0, 0.0, -0.582782, 0.812629, 0.37472, -1e-06, -0.812629, -0.582782, -0.0, 0.0, 0.0, 0.0, 1.0],
                [1.0, -0.0, -1e-06, 0.0, 0.0, -0.586825, 0.809714, 0.37472, -1e-06, -0.809714, -0.586825, 0.0, 0.0, 0.0, 0.0, 1.0],
                [1.0, -0.0, -1e-06, 0.0, 0.0, -0.58982, 0.807535, 0.37472, -1e-06, -0.807535, -0.58982, 0.0, 0.0, 0.0, 0.0, 1.0],
                [1.0, -0.0, -1e-06, -0.0, 0.0, -0.594034, 0.80444, 0.37472, -1e-06, -0.80444, -0.594034, 0.0, 0.0, 0.0, 0.0, 1.0],
                [1.0, -1e-06, -1e-06, 0.0, 0.0, -0.604044, 0.796951, 0.37472, -1e-06, -0.796951, -0.604044, 0.0, 0.0, 0.0, 0.0, 1.0],
                [1.0, -1e-06, -0.0, -0.0, -0.0, -0.615196, 0.788374, 0.37472, -1e-06, -0.788374, -0.615196, -0.0, 0.0, 0.0, 0.0, 1.0],
                [1.0, -0.0, -0.0, 0.0, 0.0, -0.621959, 0.78305, 0.37472, -1e-06, -0.78305, -0.621959, 0.0, 0.0, 0.0, 0.0, 1.0],
                [1.0, -0.0, -1e-06, -0.0, 1e-06, -0.587248, 0.809407, 0.37472, -1e-06, -0.809407, -0.587248, -0.0, 0.0, 0.0, 0.0, 1.0],
                [1.0, -1e-06, -3e-06, -0.0, 2e-06, -0.429081, 0.903266, 0.37472, -2e-06, -0.903265, -0.429081, -0.0, 0.0, 0.0, 0.0, 1.0],
                [1.0, -3e-06, -6e-06, -0.0, 5e-06, -0.120025, 0.992772, 0.37472, -4e-06, -0.992769, -0.120025, -0.0, 0.0, 0.0, 0.0, 1.0],
                [1.0, -8e-06, -1e-05, -0.0, 1.2e-05, 0.185868, 0.982575, 0.37472, -6e-06, -0.982574, 0.185868, -0.0, 0.0, 0.0, 0.0, 1.0],
                [1.0, -1e-05, -1.5e-05, -0.0, 1.8e-05, 0.433881, 0.90097, 0.37472, -3e-06, -0.90097, 0.433881, 0.0, 0.0, 0.0, 0.0, 1.0],
                [1.0, -1.1e-05, -1.8e-05, 0.0, 2.1e-05, 0.610131, 0.792301, 0.37472, 2e-06, -0.7923, 0.610131, -0.0, 0.0, 0.0, 0.0, 1.0],
                [1.0, 0.0, 0.0, -0.0, -0.0, 0.703487, 0.710708, 0.37472, 0.0, -0.710708, 0.703487, -0.0, 0.0, 0.0, 0.0, 1.0]
            ]
        },
        {
            "name": "Knee_R",
            "time": [0.0, 1.25],
            "transform": [
                [1.0, 0.0, -0.0, -0.0, -0.0, 1e-06, -1.0, 0.37472, -0.0, 1.0, 1e-06, -0.0, 0.0, 0.0, 0.0, 1.0],
                [1.0, 0.0, -0.0, -0.0, -0.0, 1e-06, -1.0, 0.37472, -0.0, 1.0, 1e-06, -0.0, 0.0, 0.0, 0.0, 1.0]
            ]
        },
        {
            "name": "Thigh_L",
            "time": [0.0, 0.0417, 0.0833, 0.125, 0.1667, 0.2083, 0.25, 0.2917, 0.3333, 0.375, 0.4167, 0.4583, 0.5, 0.5417, 0.5833, 0.625, 0.6667, 0.7083, 0.75, 0.7917, 0.8333, 0.875, 0.9167, 0.9583, 1.0, 1.0417, 1.0833, 1.125, 1.1667, 1.25],
            "transform": [
                [0.269539, -0.208806, 0.940079, -0.051058, -0.372702, -0.922751, -0.098096, 0.068033, 0.887942, -0.323929, -0.32654, -0.124298, 0.0, 0.0, 0.0, 1.0],
                [0.115408, -0.213713, 0.970056, -0.003544, -0.295454, -0.939766, -0.171889, 0.072865, 0.948361, -0.266769, -0.171599, -0.119676, 0.0, 0.0, 0.0, 1.0],
                [0.040578, -0.278139, 0.959683, 0.043969, -0.267996, -0.928311, -0.257715, 0.077698, 0.962565, -0.246734, -0.112209, -0.115053, 0.0, 0.0, 0.0, 1.0],
                [0.027915, -0.388503, 0.921025, 0.091482, -0.271186, -0.889773, -0.3671, 0.082531, 0.962122, -0.239521, -0.130194, -0.11043, 0.0, 0.0, 0.0, 1.0],
                [0.00186, -0.434576, 0.900633, 0.138996, -0.316041, -0.854728, -0.411773, 0.087363, 0.948744, -0.283871, -0.138933, -0.105808, 0.0, 0.0, 0.0, 1.0],
                [-0.014695, -0.526594, 0.84999, 0.089568, -0.379616, -0.783495, -0.491961, 0.09279, 0.925027, -0.329899, -0.18839, -0.113776, 0.0, 0.0, 0.0, 1.0],
                [0.035056, -0.650638, 0.758579, 0.04014, -0.576394, -0.633243, -0.5165, 0.098216, 0.816419, -0.419134, -0.397223, -0.121744, 0.0, 0.0, 0.0, 1.0],
                [0.118849, -0.643176, 0.756439, -0.009288, -0.785668, -0.52675, -0.324437, 0.103642, 0.607125, -0.555751, -0.567926, -0.129712, 0.0, 0.0, 0.0, 1.0],
                [0.178804, -0.725808, 0.664253, -0.044671, -0.90357, -0.388301, -0.18106, 0.104638, 0.389345, -0.567825, -0.725249, -0.104454, 0.0, 0.0, 0.0, 1.0],
                [0.216655, -0.797485, 0.563097, -0.080054, -0.949169, -0.306984, -0.069566, 0.105635, 0.22834, -0.519402, -0.823458, -0.079197, 0.0, 0.0, 0.0, 1.0],
                [0.25339, -0.823868, 0.506986, -0.115437, -0.954811, -0.297159, -0.00568, 0.106631, 0.155336, -0.482637, -0.861935, -0.05394, 0.0, 0.0, 0.0, 1.0],
                [0.300571, -0.784771, 0.542026, -0.131079, -0.945724, -0.318845, 0.062795, 0.097379, 0.123543, -0.531481, -0.838012, -0.028385, 0.0, 0.0, 0.0, 1.0],
                [0.393199, -0.70584, 0.589224, -0.146722, -0.919382, -0.309827, 0.242373, 0.088128, 0.011482, -0.637022, -0.77076, -0.002831, 0.0, 0.0, 0.0, 1.0],
                [0.48986, -0.653996, 0.576477, -0.162365, -0.861635, -0.262505, 0.434368, 0.078876, -0.132746, -0.709493, -0.692097, 0.022724, 0.0, 0.0, 0.0, 1.0],
                [0.515016, -0.673531, 0.530202, -0.178008, -0.828632, -0.232893, 0.509048, 0.069624, -0.219379, -0.70151, -0.678053, 0.048279, 0.0, 0.0, 0.0, 1.0],
                [0.527069, -0.7031, 0.477334, -0.193651, -0.801621, -0.224859, 0.553934, 0.060373, -0.282138, -0.674602, -0.682136, 0.073833, 0.0, 0.0, 0.0, 1.0],
                [0.530036, -0.707437, 0.467541, -0.191593, -0.797496, -0.228473, 0.558391, 0.060847, -0.288206, -0.668829, -0.685277, 0.075224, 0.0, 0.0, 0.0, 1.0],
                [0.530061, -0.691315, 0.491039, -0.189536, -0.80573, -0.230152, 0.545738, 0.061321, -0.264263, -0.684919, -0.679007, 0.076615, 0.0, 0.0, 0.0, 1.0],
                [0.525237, -0.672997, 0.52077, -0.187479, -0.815975, -0.224656, 0.532649, 0.061795, -0.241476, -0.704702, -0.667146, 0.078006, 0.0, 0.0, 0.0, 1.0],
                [0.517379, -0.658222, 0.546866, -0.185422, -0.824978, -0.213793, 0.523168, 0.062269, -0.227444, -0.721829, -0.65363, 0.079397, 0.0, 0.0, 0.0, 1.0],
                [0.513519, -0.650293, 0.559837, -0.183365, -0.82366, -0.190631, 0.534082, 0.062744, -0.240587, -0.735376, -0.633514, 0.080787, 0.0, 0.0, 0.0, 1.0],
                [0.510849, -0.644812, 0.568551, -0.17853, -0.820841, -0.169344, 0.545475, 0.067124, -0.255448, -0.745345, -0.615797, 0.069612, 0.0, 0.0, 0.0, 1.0],
                [0.504409, -0.642746, 0.576584, -0.173696, -0.825074, -0.161879, 0.541339, 0.071504, -0.254606, -0.74878, -0.611967, 0.058437, 0.0, 0.0, 0.0, 1.0],
                [0.513643, -0.660365, 0.547804, -0.168862, -0.830592, -0.222601, 0.510457, 0.075884, -0.215146, -0.717194, -0.662831, 0.047262, 0.0, 0.0, 0.0, 1.0],
                [0.556085, -0.691899, 0.460484, -0.164028, -0.825154, -0.39331, 0.405497, 0.080264, -0.09945, -0.605461, -0.789637, 0.036087, 0.0, 0.0, 0.0, 1.0],
                [0.640204, -0.659624, 0.393745, -0.146508, -0.767035, -0.577153, 0.280271, 0.073771, 0.042378, -0.481446, -0.87545, 0.018871, 0.0, 0.0, 0.0, 1.0],
                [0.727652, -0.380086, 0.571014, -0.1395, -0.637305, -0.682491, 0.35784, 0.072623, 0.253702, -0.624292, -0.738847, 0.000386, 0.0, 0.0, 0.0, 1.0],
                [0.702004, -0.191634, 0.685906, -0.132491, -0.540416, -0.770611, 0.337801, 0.071475, 0.463832, -0.607812, -0.644534, -0.018099, 0.0, 0.0, 0.0, 1.0],
                [0.651937, -0.166489, 0.73977, -0.125483, -0.502711, -0.825277, 0.257292, 0.070328, 0.567679, -0.539629, -0.621725, -0.036584, 0.0, 0.0, 0.0, 1.0],
                [0.640251, -0.170844, 0.748927, -0.111467, -0.477625, -0.852119, 0.213933, 0.068032, 0.601626, -0.494677, -0.627169, -0.073555, 0.0, 0.0, 0.0, 1.0]
            ]
        },
        {
            "name": "Leg_L",
            "time": [0.0, 0.0417, 0.0833, 0.125, 0.1667, 0.2083, 0.25, 0.2917, 0.3333, 0.375, 0.4167, 0.4583, 0.5, 0.5417, 0.5833, 0.625, 0.6667, 0.7083, 0.75, 0.7917, 0.8333, 0.875, 0.9167, 0.9583, 1.0, 1.0417, 1.0833, 1.125, 1.1667, 1.25],
            "transform": [
                [1.0, 0.0, 2.6e-05, -0.0, -1.6e-05, 0.782501, 0.622649, 0.37472, -2e-05, -0.622649, 0.782501, 0.0, 0.0, 0.0, 0.0, 1.0],
                [1.0, 2e-05, 1e-05, 0.0, -2.2e-05, 0.801011, 0.598649, 0.37472, 4e-06, -0.598648, 0.801012, 0.0, 0.0, 0.0, 0.0, 1.0],
                [1.0, 2.6e-05, 0.0, -0.0, -2.2e-05, 0.853369, 0.521305, 0.37472, 1.4e-05, -0.521303, 0.853372, 0.0, 0.0, 0.0, 0.0, 1.0],
                [1.0, 2.1e-05, -2e-06, 0.0, -1.9e-05, 0.913253, 0.407387, 0.37472, 1e-05, -0.407384, 0.913259, 0.0, 0.0, 0.0, 0.0, 1.0],
                [1.0, 2.2e-05, -1e-06, -0.0, -1.9e-05, 0.898991, 0.437964, 0.37472, 1.1e-05, -0.437962, 0.898995, 0.0, 0.0, 0.0, 0.0, 1.0],
                [1.0, 2.2e-05, 2e-06, 0.0, -2.1e-05, 0.908213, 0.418502, 0.37472, 8e-06, -0.418498, 0.90822, -0.0, 0.0, 0.0, 0.0, 1.0],
                [1.0, 1.4e-05, 8e-06, -0.0, -1.6e-05, 0.938902, 0.344161, 0.37472, -3e-06, -0.344154, 0.938921, 0.0, 0.0, 0.0, 0.0, 1.0],
                [1.0, 3e-06, 1.6e-05, -0.0, -1.2e-05, 0.849234, 0.528016, 0.37472, -1.2e-05, -0.528014, 0.849237, -0.0, 0.0, 0.0, 0.0, 1.0],
                [1.0, -2e-06, 1e-05, 0.0, -3e-06, 0.872913, 0.487874, 0.37472, -9e-06, -0.487872, 0.872916, -0.0, 0.0, 0.0, 0.0, 1.0],
                [1.0, -2e-06, 5e-06, -0.0, 0.0, 0.933084, 0.359653, 0.37472, -5e-06, -0.359652, 0.933088, 0.0, 0.0, 0.0, 0.0, 1.0],
                [1.0, -1e-06, 3e-06, 0.0, 0.0, 0.966403, 0.257028, 0.37472, -3e-06, -0.257027, 0.966405, 0.0, 0.0, 0.0, 0.0, 1.0],
                [1.0, -1e-06, 2e-06, -0.0, 1e-06, 0.937401, 0.348253, 0.37472, -2e-06, -0.348254, 0.9374, -0.0, 0.0, 0.0, 0.0, 1.0],
                [1.0, -1e-06, 1e-06, 0.0, 0.0, 0.821964, 0.569539, 0.37472, -1e-06, -0.569539, 0.821964, 0.0, 0.0, 0.0, 0.0, 1.0],
                [1.0, -1e-06, 0.0, 0.0, 0.0, 0.689416, 0.724366, 0.37472, -1e-06, -0.724366, 0.689416, -0.0, 0.0, 0.0, 0.0, 1.0],
                [1.0, -1e-06, 0.0, 0.0, 0.0, 0.659579, 0.751635, 0.37472, -1e-06, -0.751635, 0.659579, 0.0, 0.0, 0.0, 0.0, 1.0],
                [1.0, -0.0, 0.0, -0.0, 0.0, 0.689403, 0.724378, 0.37472, -0.0, -0.724378, 0.689403, -0.0, 0.0, 0.0, 0.0, 1.0],
                [1.0, -0.0, 0.0, 0.0, 0.0, 0.710329, 0.70387, 0.37472, -0.0, -0.70387, 0.710329, 0.0, 0.0, 0.0, 0.0, 1.0],
                [1.0, -0.0, 0.0, -0.0, 0.0, 0.697953, 0.716144, 0.37472, -0.0, -0.716144, 0.697953, -0.0, 0.0, 0.0, 0.0, 1.0],
                [1.0, -1e-06, 0.0, 0.0, 0.0, 0.668375, 0.743824, 0.37472, -1e-06, -0.743824, 0.668375, -0.0, 0.0, 0.0, 0.0, 1.0],
                [1.0, -0.0, 0.0, 0.0, 0.0, 0.63178, 0.775148, 0.37472, -0.0, -0.775148, 0.63178, 0.0, 0.0, 0.0, 0.0, 1.0],
                [1.0, -0.0, 0.0, -0.0, 0.0, 0.59369, 0.804694, 0.37472, -0.0, -0.804694, 0.59369, 0.0, 0.0, 0.0, 0.0, 1.0],
                [1.0, -1e-06, 0.0, 0.0, 0.0, 0.561758, 0.827302, 0.37472, -0.0, -0.827302, 0.561758, -0.0, 0.0, 0.0, 0.0, 1.0],
                [1.0, -0.0, 0.0, 0.0, 0.0, 0.549614, 0.835419, 0.37472, -0.0, -0.835419, 0.549614, -0.0, 0.0, 0.0, 0.0, 1.0],
                [1.0, -1e-06, 0.0, -0.0, 0.0, 0.615775, 0.787922, 0.37472, -1e-06, -0.787922, 0.615775, -0.0, 0.0, 0.0, 0.0, 1.0],
                [1.0, -1e-06, 1e-06, 0.0, 0.0, 0.79607, 0.605205, 0.37472, -2e-06, -0.605205, 0.79607, 0.0, 0.0, 0.0, 0.0, 1.0],
                [1.0, -1e-06, 2e-06, 0.0, 0.0, 0.919626, 0.392796, 0.37472, -2e-06, -0.392796, 0.919625, -0.0, 0.0, 0.0, 0.0, 1.0],
                [1.0, -5e-06, 7e-06, -0.0, -2e-06, 0.688858, 0.724896, 0.37472, -8e-06, -0.724896, 0.688858, 0.0, 0.0, 0.0, 0.0, 1.0],
                [1.0, -9e-06, 1.1e-05, -0.0, -3e-06, 0.609855, 0.792513, 0.37472, -1.4e-05, -0.792513, 0.609855, 0.0, 0.0, 0.0, 0.0, 1.0],
                [1.0, -1e-05, 1.5e-05, -0.0, -5e-06, 0.650392, 0.759599, 0.37472, -1.8e-05, -0.759598, 0.650392, 0.0, 0.0, 0.0, 0.0, 1.0],
                [1.0, -0.0, 0.0, -0.0, 0.0, 0.663722, 0.747979, 0.37472, -0.0, -0.747979, 0.663723, -0.0, 0.0, 0.0, 0.0, 1.0]
            ]
        },
        {
            "name": "Knee_L",
            "time": [0.0, 1.25],
            "transform": [
                [1.0, 0.0, -0.0, -0.0, -0.0, 1e-06, -1.0, 0.37472, -0.0, 1.0, 1e-06, 0.0, 0.0, 0.0, 0.0, 1.0],
                [1.0, 0.0, -0.0, -0.0, -0.0, 1e-06, -1.0, 0.37472, -0.0, 1.0, 1e-06, -0.0, 0.0, 0.0, 0.0, 1.0]
            ]
        },
        {
            "name": "Torso",
            "time": [0.0, 0.0417, 0.0833, 0.125, 0.1667, 0.2083, 0.25, 0.2917, 0.3333, 0.375, 0.4167, 0.4583, 0.5, 0.5417, 0.5833, 0.625, 0.6667, 0.7083, 0.75, 0.7917, 0.8333, 0.875, 0.9167, 0.9583, 1.0, 1.0417, 1.0833, 1.125, 1.1667, 1.25],
            "transform": [
                [0.263136, -0.344514, -0.901149, -0.0, 0.06832, 0.938376, -0.338797, 0.05, 0.962337, 0.027583, 0.270457, 0.0, 0.0, 0.0, 0.0, 1.0],
                [-0.127443, -0.207308, -0.969939, -0.0, 0.022859, 0.977039, -0.211829, 0.05, 0.991582, -0.049168, -0.119778, 0.0, 0.0, 0.0, 0.0, 1.0],
                [-0.386805, -0.030411, -0.92166, 0.0, 0.056821, 0.996771, -0.056736, 0.05, 0.920409, -0.074315, -0.383828, -0.0, 0.0, 0.0, 0.0, 1.0],
                [-0.42574, 0.076611, -0.901597, -0.0, 0.090956, 0.994986, 0.041597, 0.05, 0.900262, -0.064296, -0.430573, 0.0, 0.0, 0.0, 0.0, 1.0],
                [-0.497383, 0.232789, -0.835715, 0.0, 0.206448, 0.967412, 0.146604, 0.05, 0.842608, -0.099613, -0.529233, 0.0, 0.0, 0.0, 0.0, 1.0],
                [-0.368915, 0.319062, -0.872984, -0.0, 0.236473, 0.940548, 0.243825, 0.05, 0.898879, -0.116487, -0.422431, -0.0, 0.0, 0.0, 0.0, 1.0],
                [-0.005479, 0.209195, -0.977859, -0.0, 0.203959, 0.957551, 0.203708, 0.05, 0.978964, -0.198327, -0.047913, 0.0, 0.0, 0.0, 0.0, 1.0],
                [0.410221, 0.040633, -0.911081, 0.0, 0.177877, 0.976256, 0.12363, 0.05, 0.894471, -0.212775, 0.393253, 0.0, 0.0, 0.0, 0.0, 1.0],
                [0.618735, -0.086113, -0.780866, 0.0, 0.124849, 0.99212, -0.010484, 0.05, 0.775615, -0.091004, 0.624611, -0.0, 0.0, 0.0, 0.0, 1.0],
                [0.737434, -0.156706, -0.656989, -0.0, 0.081537, 0.986253, -0.143723, 0.05, 0.67048, 0.052417, 0.740074, -0.0, 0.0, 0.0, 0.0, 1.0],
                [0.842434, -0.161592, -0.513997, -0.0, 0.042128, 0.970801, -0.236157, 0.05, 0.53715, 0.177293, 0.824644, -0.0, 0.0, 0.0, 0.0, 1.0],
                [0.956062, -0.099945, -0.275603, -0.0, 0.02396, 0.963587, -0.266318, 0.05, 0.292185, 0.248013, 0.923644, -0.0, 0.0, 0.0, 0.0, 1.0],
                [0.999206, 0.028495, -0.027852, -0.0, -0.03588, 0.947452, -0.317879, 0.05, 0.017331, 0.318626, 0.947722, 0.0, 0.0, 0.0, 0.0, 1.0],
                [0.97769, 0.155532, 0.141182, -0.0, -0.090069, 0.917608, -0.387147, 0.05, -0.189763, 0.365794, 0.911145, -0.0, 0.0, 0.0, 0.0, 1.0],
                [0.975101, 0.174473, 0.136886, -0.0, -0.104808, 0.90655, -0.408879, 0.05, -0.195432, 0.384351, 0.902264, -0.0, 0.0, 0.0, 0.0, 1.0],
                [0.986287, 0.147384, 0.07427, -0.0, -0.1051, 0.907858, -0.405892, 0.05, -0.127248, 0.39252, 0.910898, -0.0, 0.0, 0.0, 0.0, 1.0],
                [0.98758, 0.145112, 0.060229, -0.0, -0.108591, 0.907471, -0.405838, 0.05, -0.113548, 0.394258, 0.911958, -0.0, 0.0, 0.0, 0.0, 1.0],
                [0.984285, 0.163809, 0.065948, -0.0, -0.123405, 0.905219, -0.406632, 0.05, -0.126308, 0.392104, 0.911209, -0.0, 0.0, 0.0, 0.0, 1.0],
                [0.98374, 0.162186, 0.077147, -0.0, -0.118122, 0.907841, -0.402333, 0.05, -0.13529, 0.386678, 0.912237, -0.0, 0.0, 0.0, 0.0, 1.0],
                [0.985231, 0.155286, 0.07215, -0.0, -0.114915, 0.912024, -0.393709, 0.05, -0.12694, 0.379603, 0.916399, -0.0, 0.0, 0.0, 0.0, 1.0],
                [0.987797, 0.143922, 0.059518, -0.0, -0.110603, 0.917302, -0.382522, 0.05, -0.109649, 0.371272, 0.922027, -0.0, 0.0, 0.0, 0.0, 1.0],
                [0.990693, 0.129249, 0.042681, -0.0, -0.104617, 0.923642, -0.368702, 0.05, -0.087077, 0.360806, 0.928567, -0.0, 0.0, 0.0, 0.0, 1.0],
                [0.995231, 0.093198, 0.028802, -0.0, -0.077204, 0.933037, -0.351399, 0.05, -0.059623, 0.3475, 0.935783, -0.0, 0.0, 0.0, 0.0, 1.0],
                [0.999052, 0.042901, -0.007381, -0.0, -0.043035, 0.947804, -0.315936, 0.05, -0.006558, 0.315954, 0.948752, -0.0, 0.0, 0.0, 0.0, 1.0],
                [0.996995, -0.01044, -0.076765, -0.0, -0.012002, 0.958098, -0.286188, 0.05, 0.076536, 0.286249, 0.955094, -0.0, 0.0, 0.0, 0.0, 1.0],
                [0.981778, -0.062234, -0.179552, -0.0, 0.014792, 0.967014, -0.254293, 0.05, 0.189455, 0.247003, 0.950314, -0.0, 0.0, 0.0, 0.0, 1.0],
                [0.938762, -0.100447, -0.3296, 0.0, 0.029483, 0.976474, -0.213612, 0.05, 0.343303, 0.190813, 0.919638, 0.0, 0.0, 0.0, 0.0, 1.0],
                [0.860321, -0.129564, -0.493011, 0.0, 0.036106, 0.980219, -0.194597, 0.05, 0.508472, 0.149615, 0.847981, -0.0, 0.0, 0.0, 0.0, 1.0],
                [0.779629, -0.162131, -0.60489, 0.0, 0.030671, 0.974632, -0.221703, 0.05, 0.625489, 0.154293, 0.764824, 0.0, 0.0, 0.0, 0.0, 1.0],
                [0.746177, -0.184763, -0.639596, 0.0, 0.023984, 0.967554, -0.251522, 0.05, 0.665316, 0.17234, 0.726398, -0.0, 0.0, 0.0, 0.0, 1.0]
            ]
        },
        {
            "name": "Chest",
            "time": [0.0, 0.0417, 0.0833, 0.125, 0.1667, 0.2083, 0.25, 0.2917, 0.3333, 0.375, 0.4167, 0.4583, 0.5, 0.5417, 0.5833, 0.625, 0.6667, 0.7083, 0.75, 0.7917, 0.8333, 0.875, 0.9167, 0.9583, 1.0, 1.0417, 1.0833, 1.125, 1.1667, 1.25],
            "transform": [
                [0.999875, 0.000407, -0.015815, 0.0, 0.003945, 0.961683, 0.274135, 0.3, 0.01532, -0.274163, 0.961561, -0.0, 0.0, 0.0, 0.0, 1.0],
                [0.943739, -0.070916, -0.322997, -0.0, 0.09663, 0.993244, 0.064262, 0.3, 0.316258, -0.091858, 0.944216, -0.0, 0.0, 0.0, 0.0, 1.0],
                [0.843541, -0.045855, -0.535104, 0.0, -0.028043, 0.991228, -0.129149, 0.3, 0.536332, 0.123949, 0.834856, -0.0, 0.0, 0.0, 0.0, 1.0],
                [0.817523, -0.009102, -0.575824, 0.0, -0.125182, 0.973159, -0.193109, 0.3, 0.562126, 0.229954, 0.794441, 0.0, 0.0, 0.0, 0.0, 1.0],
                [0.783834, 0.07911, -0.615911, 0.0, -0.223308, 0.961409, -0.160704, 0.3, 0.579429, 0.263503, 0.771251, -0.0, 0.0, 0.0, 0.0, 1.0],
                [0.662753, 0.026177, -0.748381, -0.0, -0.157788, 0.981833, -0.105392, 0.3, 0.732026, 0.187934, 0.654842, -0.0, 0.0, 0.0, 0.0, 1.0],
                [0.747715, 0.016086, -0.663825, 0.0, -0.023118, 0.999731, -0.001813, 0.3, 0.663617, 0.016702, 0.747886, 0.0, 0.0, 0.0, 0.0, 1.0],
                [0.796888, 0.076448, -0.59927, 0.0, -0.037254, 0.996292, 0.077557, 0.3, 0.602977, -0.039479, 0.796781, 0.0, 0.0, 0.0, 0.0, 1.0],
                [0.809522, -0.003892, -0.587076, 0.0, 0.083786, 0.990508, 0.108966, 0.3, 0.58108, -0.137399, 0.802164, -0.0, 0.0, 0.0, 0.0, 1.0],
                [0.883172, 0.003031, -0.469041, 0.0, 0.140217, 0.952547, 0.270173, 0.3, 0.447602, -0.304377, 0.840837, 0.0, 0.0, 0.0, 0.0, 1.0],
                [0.951015, 0.065579, -0.302108, -0.0, 0.067332, 0.909841, 0.409457, 0.3, 0.301722, -0.409741, 0.860857, 0.0, 0.0, 0.0, 0.0, 1.0],
                [0.985056, 0.126083, -0.117332, 0.0, -0.063101, 0.898076, 0.435289, 0.3, 0.160256, -0.42138, 0.892612, 0.0, 0.0, 0.0, 0.0, 1.0],
                [0.972818, 0.200211, 0.116359, -0.0, -0.231537, 0.849265, 0.474488, 0.3, -0.003822, -0.488532, 0.872537, -0.0, 0.0, 0.0, 0.0, 1.0],
                [0.913811, 0.309373, 0.26313, 0.0, -0.40295, 0.771649, 0.492126, 0.3, -0.050794, -0.555738, 0.829804, 0.0, 0.0, 0.0, 0.0, 1.0],
                [0.834048, 0.344708, 0.430744, 0.0, -0.5361, 0.69071, 0.485299, 0.3, -0.130233, -0.635684, 0.760884, 0.0, 0.0, 0.0, 0.0, 1.0],
                [0.807508, 0.264374, 0.527293, 0.0, -0.528056, 0.72235, 0.446505, 0.3, -0.262845, -0.638997, 0.722907, -0.0, 0.0, 0.0, 0.0, 1.0],
                [0.824967, 0.21659, 0.522033, -0.0, -0.475735, 0.764779, 0.434499, 0.3, -0.305132, -0.606797, 0.733957, -0.0, 0.0, 0.0, 0.0, 1.0],
                [0.887886, 0.192574, 0.41782, -0.0, -0.389014, 0.799107, 0.458362, 0.3, -0.245614, -0.569511, 0.78443, 0.0, 0.0, 0.0, 0.0, 1.0],
                [0.942381, 0.192307, 0.273743, 0.0, -0.306705, 0.823424, 0.477393, 0.3, -0.1336, -0.533844, 0.834962, -0.0, 0.0, 0.0, 0.0, 1.0],
                [0.960597, 0.204446, 0.188294, -0.0, -0.271066, 0.838878, 0.472024, 0.3, -0.061452, -0.504465, 0.861242, 0.0, 0.0, 0.0, 0.0, 1.0],
                [0.967, 0.223464, 0.122367, -0.0, -0.254773, 0.84981, 0.461425, 0.3, -0.000877, -0.477374, 0.8787, 0.0, 0.0, 0.0, 0.0, 1.0],
                [0.969367, 0.238276, 0.059604, -0.0, -0.239523, 0.863333, 0.444168, 0.3, 0.054377, -0.444838, 0.893959, -0.0, 0.0, 0.0, 0.0, 1.0],
                [0.965503, 0.260297, 0.007034, -0.0, -0.239118, 0.875603, 0.419692, 0.3, 0.103085, -0.406896, 0.907639, 0.0, 0.0, 0.0, 0.0, 1.0],
                [0.96446, 0.264205, -0.003503, -0.0, -0.243529, 0.893968, 0.376184, 0.3, 0.102521, -0.361962, 0.926538, 0.0, 0.0, 0.0, 0.0, 1.0],
                [0.968795, 0.246302, 0.027779, -0.0, -0.241462, 0.91252, 0.330156, 0.3, 0.055969, -0.326561, 0.943517, 0.0, 0.0, 0.0, 0.0, 1.0],
                [0.974733, 0.215104, 0.060222, 0.0, -0.22335, 0.934523, 0.277095, 0.3, 0.003325, -0.283544, 0.958953, 0.0, 0.0, 0.0, 0.0, 1.0],
                [0.977579, 0.174533, 0.117807, 0.0, -0.195614, 0.959807, 0.20126, 0.3, -0.077945, -0.219792, 0.972428, -0.0, 0.0, 0.0, 0.0, 1.0],
                [0.969391, 0.142633, 0.199841, -0.0, -0.169753, 0.977421, 0.125824, 0.3, -0.177382, -0.155896, 0.971716, -0.0, 0.0, 0.0, 0.0, 1.0],
                [0.961084, 0.111165, 0.252904, -0.0, -0.138195, 0.986151, 0.091701, 0.3, -0.239207, -0.123082, 0.963136, 0.0, 0.0, 0.0, 0.0, 1.0],
                [0.962287, 0.083955, 0.258758, -0.0, -0.108298, 0.99079, 0.081278, 0.3, -0.249551, -0.106235, 0.962517, 0.0, 0.0, 0.0, 0.0, 1.0]
            ]
        },
        {
            "name": "Head",
            "time": [0.0, 0.0417, 0.0833, 0.125, 0.1667, 0.2083, 0.25, 0.2917, 0.3333, 0.375, 0.4167, 0.4583, 0.5, 0.5417, 0.5833, 0.625, 0.6667, 0.7083, 0.75, 0.7917, 0.8333, 0.875, 0.9167, 0.9583, 1.0, 1.0417, 1.0833, 1.125, 1.1667, 1.25],
            "transform": [
                [0.847386, 0.022348, -0.530507, -0.0, 0.249348, 0.865349, 0.434739, 0.4, 0.46879, -0.500673, 0.72771, -0.0, 0.0, 0.0, 0.0, 1.0],
                [0.941394, -0.144359, -0.30482, -0.0, 0.278595, 0.842229, 0.461566, 0.4, 0.190092, -0.519442, 0.833102, -0.0, 0.0, 0.0, 0.0, 1.0],
                [0.938434, -0.34025, -0.059273, 0.0, 0.331858, 0.840888, 0.427541, 0.4, -0.095622, -0.420896, 0.90208, 0.0, 0.0, 0.0, 0.0, 1.0],
                [0.881069, -0.467213, 0.073274, -0.0, 0.415983, 0.839394, 0.349826, 0.4, -0.224931, -0.277744, 0.933981, 0.0, 0.0, 0.0, 0.0, 1.0],
                [0.766007, -0.564808, 0.306897, 0.0, 0.551288, 0.822788, 0.138133, 0.4, -0.330503, 0.063378, 0.941707, 0.0, 0.0, 0.0, 0.0, 1.0],
                [0.719115, -0.47511, 0.50707, -0.0, 0.600514, 0.792041, -0.109598, 0.4, -0.349516, 0.38331, 0.854973, -0.0, 0.0, 0.0, 0.0, 1.0],
                [0.795265, -0.5584, 0.235973, 0.0, 0.589215, 0.803521, -0.084497, 0.4, -0.142412, 0.206234, 0.968136, -0.0, 0.0, 0.0, 0.0, 1.0],
                [0.830643, -0.549418, -0.090156, -0.0, 0.555977, 0.827071, 0.082681, 0.4, 0.029137, -0.118806, 0.992516, -0.0, 0.0, 0.0, 0.0, 1.0],
                [0.90902, -0.369272, -0.193093, 0.0, 0.408425, 0.88144, 0.237193, 0.4, 0.082607, -0.294483, 0.952094, -0.0, 0.0, 0.0, 0.0, 1.0],
                [0.909008, -0.142763, -0.391553, -0.0, 0.255473, 0.933166, 0.252865, 0.4, 0.329279, -0.32989, 0.884733, -0.0, 0.0, 0.0, 0.0, 1.0],
                [0.773174, 0.081381, -0.628952, 0.0, 0.109305, 0.959792, 0.258557, 0.4, 0.624705, -0.268657, 0.73319, -0.0, 0.0, 0.0, 0.0, 1.0],
                [0.551093, 0.372794, -0.746539, -0.0, -0.137596, 0.923005, 0.359343, 0.4, 0.823022, -0.09531, 0.559957, 0.0, 0.0, 0.0, 0.0, 1.0],
                [0.322675, 0.54668, -0.772672, 0.0, -0.421914, 0.813823, 0.3996, 0.4, 0.847271, 0.19706, 0.493253, -0.0, 0.0, 0.0, 0.0, 1.0],
                [0.369198, 0.568036, -0.735546, -0.0, -0.547567, 0.772453, 0.321694, 0.4, 0.750908, 0.283992, 0.596226, 0.0, 0.0, 0.0, 0.0, 1.0],
                [0.544617, 0.552942, -0.630593, 0.0, -0.520609, 0.812373, 0.26271, 0.4, 0.657541, 0.185216, 0.730298, 0.0, 0.0, 0.0, 0.0, 1.0],
                [0.495273, 0.641398, -0.58593, 0.0, -0.470699, 0.765006, 0.439555, 0.4, 0.730169, 0.058097, 0.680792, -0.0, 0.0, 0.0, 0.0, 1.0],
                [0.553964, 0.695539, -0.457547, 0.0, -0.489918, 0.716691, 0.49632, 0.4, 0.67313, -0.050783, 0.737779, 0.0, 0.0, 0.0, 0.0, 1.0],
                [0.679609, 0.631022, -0.374089, 0.0, -0.432611, 0.756596, 0.490317, 0.4, 0.592434, -0.171388, 0.787177, 0.0, 0.0, 0.0, 0.0, 1.0],
                [0.768845, 0.523908, -0.366602, 0.0, -0.328787, 0.81563, 0.476073, 0.4, 0.54843, -0.245493, 0.799348, -0.0, 0.0, 0.0, 0.0, 1.0],
                [0.816582, 0.45163, -0.359478, 0.0, -0.273623, 0.851207, 0.447859, 0.4, 0.508256, -0.267352, 0.818657, -0.0, 0.0, 0.0, 0.0, 1.0],
                [0.828016, 0.423755, -0.367181, 0.0, -0.253319, 0.866931, 0.429255, 0.4, 0.500219, -0.262416, 0.825178, 0.0, 0.0, 0.0, 0.0, 1.0],
                [0.784509, 0.435936, -0.441026, 0.0, -0.224508, 0.86262, 0.453303, 0.4, 0.578049, -0.256606, 0.774605, 0.0, 0.0, 0.0, 0.0, 1.0],
                [0.694026, 0.434926, -0.573731, -0.0, -0.136972, 0.862115, 0.487849, 0.4, 0.7068, -0.259995, 0.657903, -0.0, 0.0, 0.0, 0.0, 1.0],
                [0.599352, 0.395655, -0.695869, -0.0, -0.015365, 0.874835, 0.484177, 0.4, 0.800338, -0.279501, 0.530414, 0.0, 0.0, 0.0, 0.0, 1.0],
                [0.540071, 0.361303, -0.760121, -0.0, 0.061053, 0.883966, 0.463548, 0.4, 0.839402, -0.296756, 0.455346, -0.0, 0.0, 0.0, 0.0, 1.0],
                [0.539065, 0.322622, -0.778026, 0.0, 0.101449, 0.892135, 0.440231, 0.4, 0.836132, -0.316242, 0.448189, 0.0, 0.0, 0.0, 0.0, 1.0],
                [0.567198, 0.290646, -0.770592, 0.0, 0.123934, 0.894883, 0.428748, 0.4, 0.814204, -0.338687, 0.471555, -0.0, 0.0, 0.0, 0.0, 1.0],
                [0.604043, 0.234474, -0.761678, -0.0, 0.148281, 0.905985, 0.39649, 0.4, 0.783036, -0.35244, 0.512486, 0.0, 0.0, 0.0, 0.0, 1.0],
                [0.640875, 0.144858, -0.753853, -0.0, 0.187573, 0.922715, 0.336768, 0.4, 0.744376, -0.357229, 0.564174, 0.0, 0.0, 0.0, 0.0, 1.0],
                [0.655551, 0.079535, -0.75095, 0.0, 0.220958, 0.930713, 0.291462, 0.4, 0.722101, -0.356997, 0.592557, 0.0, 0.0, 0.0, 0.0, 1.0]
            ]
        },
        {
            "name": "Shoulder_R",
            "time": [0.0, 0.0417, 0.0833, 0.125, 0.1667, 0.2083, 0.25, 0.2917, 0.3333, 0.375, 0.4167, 0.4583, 0.5, 1.25],
            "transform": [
                [0.164778, 0.956257, 0.24188, -0.0, 0.980992, -0.133551, -0.140426, 0.4, -0.10197, 0.260447, -0.960095, -0.0, 0.0, 0.0, 0.0, 1.0],
                [0.003487, 0.972195, 0.234192, -0.0, 0.999227, 0.005643, -0.038303, 0.4, -0.038558, 0.23415, -0.971448, -0.0, 0.0, 0.0, 0.0, 1.0],
                [-0.113639, 0.896011, 0.429219, 0.0, 0.970403, 0.007419, 0.241427, 0.4, 0.213143, 0.443939, -0.870336, 0.0, 0.0, 0.0, 0.0, 1.0],
                [-0.251296, 0.623604, 0.740215, -0.0, 0.967915, 0.153069, 0.19958, 0.4, 0.011157, 0.766545, -0.642037, 0.0, 0.0, 0.0, 0.0, 1.0],
                [-0.179268, 0.357128, 0.916663, 0.0, 0.983424, 0.093328, 0.155924, 0.4, -0.02987, 0.929325, -0.367922, 0.0, 0.0, 0.0, 0.0, 1.0],
                [-0.096892, 0.490819, 0.865828, -0.0, 0.957252, -0.192447, 0.216204, 0.4, 0.272778, 0.849689, -0.451174, -0.0, 0.0, 0.0, 0.0, 1.0],
                [-0.166459, 0.486101, 0.857877, 0.0, 0.918758, -0.239571, 0.314001, 0.4, 0.358208, 0.84036, -0.406718, -0.0, 0.0, 0.0, 0.0, 1.0],
                [-0.339793, 0.644686, 0.684752, -0.0, 0.851406, -0.09856, 0.515243, 0.4, 0.399705, 0.757996, -0.515396, -0.0, 0.0, 0.0, 0.0, 1.0],
                [-0.295956, 0.863301, 0.408775, 0.0, 0.796906, -0.012785, 0.603982, 0.4, 0.526649, 0.504486, -0.684209, -0.0, 0.0, 0.0, 0.0, 1.0],
                [-0.074834, 0.966689, 0.244846, -0.0, 0.861596, -0.060918, 0.50388, 0.4, 0.501972, 0.248675, -0.828368, -0.0, 0.0, 0.0, 0.0, 1.0],
                [0.200179, 0.962558, 0.182958, 0.0, 0.917314, -0.249728, 0.309997, 0.4, 0.344048, 0.105783, -0.932979, -0.0, 0.0, 0.0, 0.0, 1.0],
                [0.355126, 0.88816, 0.291697, -0.0, 0.875423, -0.425414, 0.229408, 0.4, 0.327826, 0.173897, -0.928595, 0.0, 0.0, 0.0, 0.0, 1.0],
                [0.419898, 0.820066, 0.388825, 0.0, 0.870825, -0.48472, 0.081869, 0.4, 0.255605, 0.304227, -0.917667, -0.0, 0.0, 0.0, 0.0, 1.0],
