{
    "animation": [
        {
            "name": "Root",
            "time": [0.0, 0.0167, 0.0333, 0.05, 0.0667, 0.0833, 0.1, 0.1167, 0.1333, 0.15, 0.1667, 0.1833, 0.2, 0.2167, 0.2333, 0.25, 0.2667, 0.2833, 0.3, 0.3167, 0.3333, 0.35, 0.3667, 0.3833, 0.4, 0.4167, 0.4333, 0.45, 0.4667, 0.4833, 0.5, 0.5167, 0.5333, 0.55, 0.5667, 0.5833, 0.6, 0.6167, 0.6333, 0.65, 0.6667, 0.6833, 0.7, 0.7167, 0.7333, 0.75, 0.7667, 0.7833, 0.8, 0.8167, 0.8333, 0.85, 0.8667, 0.8833, 0.9, 0.9167, 0.9333, 0.95, 0.9667, 0.9833, 1.0, 1.0167, 1.0333, 1.05, 1.0667, 1.0833, 1.1, 1.1167, 1.1333, 1.15, 1.1667, 1.1833, 1.2, 1.2167, 1.2333, 1.25, 1.2667, 1.2833, 1.3, 1.3167, 1.3333, 1.35, 1.3667, 1.3833, 1.4, 1.4167, 1.4333, 1.45, 1.4667, 1.4833, 1.5, 1.5167, 1.5333, 1.55, 1.5667, 1.5833, 1.6, 1.6167, 1.6333, 1.65, 1.6667, 1.6833, 1.7, 1.7167, 1.7333, 1.75, 1.7667, 1.7833, 1.8, 1.8167, 1.8333, 1.85, 1.8667, 1.8833, 1.9, 1.9167, 1.9333, 1.95, 1.9667, 1.9833, 2.0, 2.0167, 2.0333, 2.05, 2.0667, 2.0833, 2.1, 2.1167, 2.1333, 2.15, 2.1667, 2.1833, 2.2, 2.2167, 2.2333, 2.25, 2.2667, 2.2833, 2.3, 2.3167, 2.3333, 2.35, 2.3667, 2.3833, 2.4, 2.4167, 2.4333, 2.45, 2.4667, 2.4833, 2.5, 2.5167, 2.5333, 2.55, 2.5667, 2.5833, 2.6, 2.6167, 2.6333, 2.65, 2.6667, 2.6833, 2.7, 2.7167, 2.7333, 2.75, 2.7667, 2.7833, 2.8, 2.8167, 2.8333, 2.85, 2.8667, 2.8833, 2.9, 2.9167, 2.9333, 2.95, 2.9667, 2.9833, 3.0],
            "transform": [
                [0.940863, -0.000579, 0.338786, -0.116925, 0.338782, -0.003658, -0.940858, 0.010514, 0.001784, 0.999993, -0.003246, 0.491383, 0.0, 0.0, 0.0, 1.0],
                [0.940863, -0.000579, 0.338786, -0.116925, 0.338782, -0.003658, -0.940858, 0.010514, 0.001784, 0.999993, -0.003246, 0.491365, 0.0, 0.0, 0.0, 1.0],
                [0.940863, -0.000579, 0.338786, -0.116925, 0.338782, -0.003658, -0.940858, 0.010514, 0.001784, 0.999993, -0.003246, 0.491312, 0.0, 0.0, 0.0, 1.0],
                [0.940863, -0.000579, 0.338786, -0.116925, 0.338782, -0.003658, -0.940858, 0.010514, 0.001784, 0.999993, -0.003246, 0.491225, 0.0, 0.0, 0.0, 1.0],
                [0.940863, -0.000579, 0.338786, -0.116925, 0.338782, -0.003658, -0.940858, 0.010515, 0.001784, 0.999993, -0.003246, 0.491105, 0.0, 0.0, 0.0, 1.0],
                [0.940863, -0.000579, 0.338786, -0.116925, 0.338782, -0.003658, -0.940858, 0.010515, 0.001784, 0.999993, -0.003246, 0.490952, 0.0, 0.0, 0.0, 1.0],
                [0.940863, -0.000579, 0.338786, -0.116925, 0.338782, -0.003658, -0.940858, 0.010516, 0.001784, 0.999993, -0.003246, 0.490767, 0.0, 0.0, 0.0, 1.0],
                [0.940863, -0.000579, 0.338786, -0.116925, 0.338782, -0.003658, -0.940858, 0.010517, 0.001784, 0.999993, -0.003246, 0.490551, 0.0, 0.0, 0.0, 1.0],
                [0.940863, -0.000579, 0.338786, -0.116925, 0.338782, -0.003658, -0.940858, 0.010518, 0.001784, 0.999993, -0.003246, 0.490305, 0.0, 0.0, 0.0, 1.0],
                [0.940863, -0.000579, 0.338786, -0.116925, 0.338782, -0.003658, -0.940858, 0.010519, 0.001784, 0.999993, -0.003246, 0.49003, 0.0, 0.0, 0.0, 1.0],
                [0.940863, -0.000579, 0.338786, -0.116924, 0.338782, -0.003658, -0.940858, 0.01052, 0.001784, 0.999993, -0.003246, 0.489725, 0.0, 0.0, 0.0, 1.0],
                [0.940863, -0.000579, 0.338786, -0.116924, 0.338782, -0.003658, -0.940858, 0.010521, 0.001784, 0.999993, -0.003246, 0.489393, 0.0, 0.0, 0.0, 1.0],
                [0.940863, -0.000579, 0.338786, -0.116924, 0.338782, -0.003658, -0.940858, 0.010522, 0.001784, 0.999993, -0.003246, 0.489034, 0.0, 0.0, 0.0, 1.0],
                [0.940863, -0.000579, 0.338786, -0.116924, 0.338782, -0.003658, -0.940858, 0.010524, 0.001784, 0.999993, -0.003246, 0.488649, 0.0, 0.0, 0.0, 1.0],
                [0.940863, -0.000579, 0.338786, -0.116923, 0.338782, -0.003658, -0.940858, 0.010525, 0.001784, 0.999993, -0.003246, 0.488238, 0.0, 0.0, 0.0, 1.0],
                [0.940863, -0.000579, 0.338786, -0.116923, 0.338782, -0.003658, -0.940858, 0.010527, 0.001784, 0.999993, -0.003246, 0.487803, 0.0, 0.0, 0.0, 1.0],
                [0.940863, -0.000579, 0.338786, -0.116923, 0.338782, -0.003658, -0.940858, 0.010528, 0.001784, 0.999993, -0.003246, 0.487344, 0.0, 0.0, 0.0, 1.0],
                [0.940863, -0.000579, 0.338786, -0.116923, 0.338782, -0.003658, -0.940858, 0.01053, 0.001784, 0.999993, -0.003246, 0.486861, 0.0, 0.0, 0.0, 1.0],
                [0.940863, -0.000579, 0.338786, -0.116922, 0.338782, -0.003658, -0.940858, 0.010532, 0.001784, 0.999993, -0.003246, 0.486357, 0.0, 0.0, 0.0, 1.0],
                [0.940863, -0.000579, 0.338786, -0.116922, 0.338782, -0.003658, -0.940858, 0.010534, 0.001784, 0.999993, -0.003246, 0.485831, 0.0, 0.0, 0.0, 1.0],
                [0.940863, -0.000579, 0.338786, -0.116922, 0.338782, -0.003658, -0.940858, 0.010536, 0.001784, 0.999993, -0.003246, 0.485284, 0.0, 0.0, 0.0, 1.0],
                [0.940863, -0.000579, 0.338786, -0.116921, 0.338782, -0.003658, -0.940858, 0.010538, 0.001784, 0.999993, -0.003246, 0.484717, 0.0, 0.0, 0.0, 1.0],
                [0.940863, -0.000579, 0.338786, -0.116921, 0.338782, -0.003658, -0.940858, 0.01054, 0.001784, 0.999993, -0.003246, 0.484132, 0.0, 0.0, 0.0, 1.0],
                [0.940863, -0.000579, 0.338786, -0.116921, 0.338782, -0.003658, -0.940858, 0.010542, 0.001784, 0.999993, -0.003246, 0.483527, 0.0, 0.0, 0.0, 1.0],
                [0.940863, -0.000579, 0.338786, -0.11692, 0.338782, -0.003658, -0.940858, 0.010545, 0.001784, 0.999993, -0.003246, 0.482906, 0.0, 0.0, 0.0, 1.0],
                [0.940863, -0.000579, 0.338786, -0.11692, 0.338782, -0.003658, -0.940858, 0.010547, 0.001784, 0.999993, -0.003246, 0.482268, 0.0, 0.0, 0.0, 1.0],
                [0.940863, -0.000579, 0.338786, -0.11692, 0.338782, -0.003658, -0.940858, 0.010549, 0.001784, 0.999993, -0.003246, 0.481614, 0.0, 0.0, 0.0, 1.0],
                [0.940863, -0.000579, 0.338786, -0.116919, 0.338782, -0.003658, -0.940858, 0.010552, 0.001784, 0.999993, -0.003246, 0.480944, 0.0, 0.0, 0.0, 1.0],
                [0.940863, -0.000579, 0.338786, -0.116919, 0.338782, -0.003658, -0.940858, 0.010554, 0.001784, 0.999993, -0.003246, 0.480261, 0.0, 0.0, 0.0, 1.0],
                [0.940863, -0.000579, 0.338786, -0.116918, 0.338782, -0.003658, -0.940858, 0.010557, 0.001784, 0.999993, -0.003246, 0.479564, 0.0, 0.0, 0.0, 1.0],
                [0.940863, -0.000579, 0.338786, -0.116918, 0.338782, -0.003658, -0.940858, 0.010559, 0.001784, 0.999993, -0.003246, 0.478854, 0.0, 0.0, 0.0, 1.0],
                [0.940863, -0.000579, 0.338786, -0.116918, 0.338782, -0.003658, -0.940858, 0.010562, 0.001784, 0.999993, -0.003246, 0.478132, 0.0, 0.0, 0.0, 1.0],
                [0.940863, -0.000579, 0.338786, -0.116917, 0.338782, -0.003658, -0.940858, 0.010565, 0.001784, 0.999993, -0.003246, 0.477399, 0.0, 0.0, 0.0, 1.0],
                [0.940863, -0.000579, 0.338786, -0.116917, 0.338782, -0.003658, -0.940858, 0.010567, 0.001784, 0.999993, -0.003246, 0.476656, 0.0, 0.0, 0.0, 1.0],
                [0.940863, -0.000579, 0.338786, -0.116916, 0.338782, -0.003658, -0.940858, 0.01057, 0.001784, 0.999993, -0.003246, 0.475903, 0.0, 0.0, 0.0, 1.0],
                [0.940863, -0.000579, 0.338786, -0.116916, 0.338782, -0.003658, -0.940858, 0.010573, 0.001784, 0.999993, -0.003246, 0.475141, 0.0, 0.0, 0.0, 1.0],
                [0.940863, -0.000579, 0.338786, -0.116915, 0.338782, -0.003658, -0.940858, 0.010576, 0.001784, 0.999993, -0.003246, 0.474372, 0.0, 0.0, 0.0, 1.0],
                [0.940863, -0.000579, 0.338786, -0.116915, 0.338782, -0.003658, -0.940858, 0.010579, 0.001784, 0.999993, -0.003246, 0.473595, 0.0, 0.0, 0.0, 1.0],
                [0.940863, -0.000579, 0.338786, -0.116915, 0.338782, -0.003658, -0.940858, 0.010581, 0.001784, 0.999993, -0.003246, 0.472812, 0.0, 0.0, 0.0, 1.0],
                [0.940863, -0.000579, 0.338786, -0.116914, 0.338782, -0.003658, -0.940858, 0.010584, 0.001784, 0.999993, -0.003246, 0.472024, 0.0, 0.0, 0.0, 1.0],
                [0.940863, -0.000579, 0.338786, -0.116914, 0.338782, -0.003658, -0.940858, 0.010587, 0.001784, 0.999993, -0.003246, 0.47123, 0.0, 0.0, 0.0, 1.0],
                [0.940863, -0.000579, 0.338786, -0.116913, 0.338782, -0.003658, -0.940858, 0.01059, 0.001784, 0.999993, -0.003246, 0.470433, 0.0, 0.0, 0.0, 1.0],
                [0.940863, -0.000579, 0.338786, -0.116913, 0.338782, -0.003658, -0.940858, 0.010593, 0.001784, 0.999993, -0.003246, 0.469632, 0.0, 0.0, 0.0, 1.0],
                [0.940863, -0.000579, 0.338786, -0.116912, 0.338782, -0.003658, -0.940858, 0.010596, 0.001784, 0.999993, -0.003246, 0.468829, 0.0, 0.0, 0.0, 1.0],
                [0.940863, -0.000579, 0.338786, -0.116912, 0.338782, -0.003658, -0.940858, 0.010599, 0.001784, 0.999993, -0.003246, 0.468025, 0.0, 0.0, 0.0, 1.0],
                [0.940863, -0.000579, 0.338786, -0.116911, 0.338782, -0.003658, -0.940858, 0.010602, 0.001784, 0.999993, -0.003246, 0.46722, 0.0, 0.0, 0.0, 1.0],
                [0.940863, -0.000579, 0.338786, -0.116911, 0.338782, -0.003658, -0.940858, 0.010605, 0.001784, 0.999993, -0.003246, 0.466414, 0.0, 0.0, 0.0, 1.0],
                [0.940863, -0.000579, 0.338786, -0.11691, 0.338782, -0.003658, -0.940858, 0.010608, 0.001784, 0.999993, -0.003246, 0.46561, 0.0, 0.0, 0.0, 1.0],
                [0.940863, -0.000579, 0.338786, -0.11691, 0.338782, -0.003658, -0.940858, 0.010611, 0.001784, 0.999993, -0.003246, 0.464807, 0.0, 0.0, 0.0, 1.0],
                [0.940863, -0.000579, 0.338786, -0.116909, 0.338782, -0.003658, -0.940858, 0.010614, 0.001784, 0.999993, -0.003246, 0.464006, 0.0, 0.0, 0.0, 1.0],
                [0.940863, -0.000579, 0.338786, -0.116909, 0.338782, -0.003658, -0.940858, 0.010617, 0.001784, 0.999993, -0.003246, 0.463209, 0.0, 0.0, 0.0, 1.0],
                [0.940863, -0.000579, 0.338786, -0.116909, 0.338782, -0.003658, -0.940858, 0.01062, 0.001784, 0.999993, -0.003246, 0.462416, 0.0, 0.0, 0.0, 1.0],
                [0.940863, -0.000579, 0.338786, -0.116908, 0.338782, -0.003658, -0.940858, 0.010622, 0.001784, 0.999993, -0.003246, 0.461627, 0.0, 0.0, 0.0, 1.0],
                [0.940863, -0.000579, 0.338786, -0.116908, 0.338782, -0.003658, -0.940858, 0.010625, 0.001784, 0.999993, -0.003246, 0.460844, 0.0, 0.0, 0.0, 1.0],
                [0.940863, -0.000579, 0.338786, -0.116907, 0.338782, -0.003658, -0.940858, 0.010628, 0.001784, 0.999993, -0.003246, 0.460067, 0.0, 0.0, 0.0, 1.0],
                [0.940863, -0.000579, 0.338786, -0.116907, 0.338782, -0.003658, -0.940858, 0.010631, 0.001784, 0.999993, -0.003246, 0.459298, 0.0, 0.0, 0.0, 1.0],
                [0.940863, -0.000579, 0.338786, -0.116906, 0.338782, -0.003658, -0.940858, 0.010634, 0.001784, 0.999993, -0.003246, 0.458536, 0.0, 0.0, 0.0, 1.0],
                [0.940863, -0.000579, 0.338786, -0.116906, 0.338782, -0.003658, -0.940858, 0.010636, 0.001784, 0.999993, -0.003246, 0.457784, 0.0, 0.0, 0.0, 1.0],
                [0.940863, -0.000579, 0.338786, -0.116905, 0.338782, -0.003658, -0.940858, 0.010639, 0.001784, 0.999993, -0.003246, 0.45704, 0.0, 0.0, 0.0, 1.0],
                [0.940863, -0.000579, 0.338786, -0.116905, 0.338782, -0.003658, -0.940858, 0.010642, 0.001784, 0.999993, -0.003246, 0.456307, 0.0, 0.0, 0.0, 1.0],
                [0.940863, -0.000579, 0.338786, -0.116905, 0.338782, -0.003658, -0.940858, 0.010645, 0.001784, 0.999993, -0.003246, 0.455586, 0.0, 0.0, 0.0, 1.0],
                [0.940863, -0.000579, 0.338786, -0.116904, 0.338782, -0.003658, -0.940858, 0.010647, 0.001784, 0.999993, -0.003246, 0.454876, 0.0, 0.0, 0.0, 1.0],
                [0.940863, -0.000579, 0.338786, -0.116904, 0.338782, -0.003658, -0.940858, 0.01065, 0.001784, 0.999993, -0.003246, 0.454179, 0.0, 0.0, 0.0, 1.0],
                [0.940863, -0.000579, 0.338786, -0.116903, 0.338782, -0.003658, -0.940858, 0.010652, 0.001784, 0.999993, -0.003246, 0.453495, 0.0, 0.0, 0.0, 1.0],
                [0.940863, -0.000579, 0.338786, -0.116903, 0.338782, -0.003658, -0.940858, 0.010655, 0.001784, 0.999993, -0.003246, 0.452826, 0.0, 0.0, 0.0, 1.0],
                [0.940863, -0.000579, 0.338786, -0.116903, 0.338782, -0.003658, -0.940858, 0.010657, 0.001784, 0.999993, -0.003246, 0.452172, 0.0, 0.0, 0.0, 1.0],
                [0.940863, -0.000579, 0.338786, -0.116902, 0.338782, -0.003658, -0.940858, 0.010659, 0.001784, 0.999993, -0.003246, 0.451533, 0.0, 0.0, 0.0, 1.0],
                [0.940863, -0.000579, 0.338786, -0.116902, 0.338782, -0.003658, -0.940858, 0.010662, 0.001784, 0.999993, -0.003246, 0.450912, 0.0, 0.0, 0.0, 1.0],
                [0.940863, -0.000579, 0.338786, -0.116902, 0.338782, -0.003658, -0.940858, 0.010664, 0.001784, 0.999993, -0.003246, 0.450308, 0.0, 0.0, 0.0, 1.0],
                [0.940863, -0.000579, 0.338786, -0.116901, 0.338782, -0.003658, -0.940858, 0.010666, 0.001784, 0.999993, -0.003246, 0.449722, 0.0, 0.0, 0.0, 1.0],
                [0.940863, -0.000579, 0.338786, -0.116901, 0.338782, -0.003658, -0.940858, 0.010668, 0.001784, 0.999993, -0.003246, 0.449155, 0.0, 0.0, 0.0, 1.0],
                [0.940863, -0.000579, 0.338786, -0.116901, 0.338782, -0.003658, -0.940858, 0.01067, 0.001784, 0.999993, -0.003246, 0.448609, 0.0, 0.0, 0.0, 1.0],
                [0.940863, -0.000579, 0.338786, -0.1169, 0.338782, -0.003658, -0.940858, 0.010672, 0.001784, 0.999993, -0.003246, 0.448083, 0.0, 0.0, 0.0, 1.0],
                [0.940863, -0.000579, 0.338786, -0.1169, 0.338782, -0.003658, -0.940858, 0.010674, 0.001784, 0.999993, -0.003246, 0.447578, 0.0, 0.0, 0.0, 1.0],
                [0.940863, -0.000579, 0.338786, -0.1169, 0.338782, -0.003658, -0.940858, 0.010676, 0.001784, 0.999993, -0.003246, 0.447096, 0.0, 0.0, 0.0, 1.0],
                [0.940863, -0.000579, 0.338786, -0.116899, 0.338782, -0.003658, -0.940858, 0.010677, 0.001784, 0.999993, -0.003246, 0.446636, 0.0, 0.0, 0.0, 1.0],
                [0.940863, -0.000579, 0.338786, -0.116899, 0.338782, -0.003658, -0.940858, 0.010679, 0.001784, 0.999993, -0.003246, 0.446201, 0.0, 0.0, 0.0, 1.0],
                [0.940863, -0.000579, 0.338786, -0.116899, 0.338782, -0.003658, -0.940858, 0.01068, 0.001784, 0.999993, -0.003246, 0.44579, 0.0, 0.0, 0.0, 1.0],
                [0.940863, -0.000579, 0.338786, -0.116899, 0.338782, -0.003658, -0.940858, 0.010682, 0.001784, 0.999993, -0.003246, 0.445405, 0.0, 0.0, 0.0, 1.0],
                [0.940863, -0.000579, 0.338786, -0.116898, 0.338782, -0.003658, -0.940858, 0.010683, 0.001784, 0.999993, -0.003246, 0.445046, 0.0, 0.0, 0.0, 1.0],
                [0.940863, -0.000579, 0.338786, -0.116898, 0.338782, -0.003658, -0.940858, 0.010684, 0.001784, 0.999993, -0.003246, 0.444714, 0.0, 0.0, 0.0, 1.0],
                [0.940863, -0.000579, 0.338786, -0.116898, 0.338782, -0.003658, -0.940858, 0.010685, 0.001784, 0.999993, -0.003246, 0.44441, 0.0, 0.0, 0.0, 1.0],
                [0.940863, -0.000579, 0.338786, -0.116898, 0.338782, -0.003658, -0.940858, 0.010686, 0.001784, 0.999993, -0.003246, 0.444134, 0.0, 0.0, 0.0, 1.0],
                [0.940863, -0.000579, 0.338786, -0.116898, 0.338782, -0.003658, -0.940858, 0.010687, 0.001784, 0.999993, -0.003246, 0.443888, 0.0, 0.0, 0.0, 1.0],
                [0.940863, -0.000579, 0.338786, -0.116898, 0.338782, -0.003658, -0.940858, 0.010688, 0.001784, 0.999993, -0.003246, 0.443672, 0.0, 0.0, 0.0, 1.0],
                [0.940863, -0.000579, 0.338786, -0.116898, 0.338782, -0.003658, -0.940858, 0.010689, 0.001784, 0.999993, -0.003246, 0.443488, 0.0, 0.0, 0.0, 1.0],
                [0.940863, -0.000579, 0.338786, -0.116897, 0.338782, -0.003658, -0.940858, 0.010689, 0.001784, 0.999993, -0.003246, 0.443335, 0.0, 0.0, 0.0, 1.0],
                [0.940863, -0.000579, 0.338786, -0.116897, 0.338782, -0.003658, -0.940858, 0.01069, 0.001784, 0.999993, -0.003246, 0.443214, 0.0, 0.0, 0.0, 1.0],
                [0.940863, -0.000579, 0.338786, -0.116897, 0.338782, -0.003658, -0.940858, 0.01069, 0.001784, 0.999993, -0.003246, 0.443127, 0.0, 0.0, 0.0, 1.0],
                [0.940863, -0.000579, 0.338786, -0.116897, 0.338782, -0.003658, -0.940858, 0.01069, 0.001784, 0.999993, -0.003246, 0.443074, 0.0, 0.0, 0.0, 1.0],
                [0.940863, -0.000579, 0.338786, -0.116897, 0.338782, -0.003658, -0.940858, 0.01069, 0.001784, 0.999993, -0.003246, 0.443057, 0.0, 0.0, 0.0, 1.0],
                [0.940863, -0.000579, 0.338786, -0.116897, 0.338782, -0.003658, -0.940858, 0.01069, 0.001784, 0.999993, -0.003246, 0.443074, 0.0, 0.0, 0.0, 1.0],
                [0.940863, -0.000579, 0.338786, -0.116897, 0.338782, -0.003658, -0.940858, 0.01069, 0.001784, 0.999993, -0.003246, 0.443127, 0.0, 0.0, 0.0, 1.0],
                [0.940863, -0.000579, 0.338786, -0.116897, 0.338782, -0.003658, -0.940858, 0.01069, 0.001784, 0.999993, -0.003246, 0.443214, 0.0, 0.0, 0.0, 1.0],
                [0.940863, -0.000579, 0.338786, -0.116897, 0.338782, -0.003658, -0.940858, 0.010689, 0.001784, 0.999993, -0.003246, 0.443335, 0.0, 0.0, 0.0, 1.0],
                [0.940863, -0.000579, 0.338786, -0.116898, 0.338782, -0.003658, -0.940858, 0.010689, 0.001784, 0.999993, -0.003246, 0.443488, 0.0, 0.0, 0.0, 1.0],
                [0.940863, -0.000579, 0.338786, -0.116898, 0.338782, -0.003658, -0.940858, 0.010688, 0.001784, 0.999993, -0.003246, 0.443672, 0.0, 0.0, 0.0, 1.0],
                [0.940863, -0.000579, 0.338786, -0.116898, 0.338782, -0.003658, -0.940858, 0.010687, 0.001784, 0.999993, -0.003246, 0.443888, 0.0, 0.0, 0.0, 1.0],
                [0.940863, -0.000579, 0.338786, -0.116898, 0.338782, -0.003658, -0.940858, 0.010686, 0.001784, 0.999993, -0.003246, 0.444134, 0.0, 0.0, 0.0, 1.0],
                [0.940863, -0.000579, 0.338786, -0.116898, 0.338782, -0.003658, -0.940858, 0.010685, 0.001784, 0.999993, -0.003246, 0.44441, 0.0, 0.0, 0.0, 1.0],
                [0.940863, -0.000579, 0.338786, -0.116898, 0.338782, -0.003658, -0.940858, 0.010684, 0.001784, 0.999993, -0.003246, 0.444714, 0.0, 0.0, 0.0, 1.0],
                [0.940863, -0.000579, 0.338786, -0.116898, 0.338782, -0.003658, -0.940858, 0.010683, 0.001784, 0.999993, -0.003246, 0.445046, 0.0, 0.0, 0.0, 1.0],
                [0.940863, -0.000579, 0.338786, -0.116899, 0.338782, -0.003658, -0.940858, 0.010682, 0.001784, 0.999993, -0.003246, 0.445405, 0.0, 0.0, 0.0, 1.0],
                [0.940863, -0.000579, 0.338786, -0.116899, 0.338782, -0.003658, -0.940858, 0.01068, 0.001784, 0.999993, -0.003246, 0.44579, 0.0, 0.0, 0.0, 1.0],
                [0.940863, -0.000579, 0.338786, -0.116899, 0.338782, -0.003658, -0.940858, 0.010679, 0.001784, 0.999993, -0.003246, 0.446201, 0.0, 0.0, 0.0, 1.0],
                [0.940863, -0.000579, 0.338786, -0.116899, 0.338782, -0.003658, -0.940858, 0.010677, 0.001784, 0.999993, -0.003246, 0.446636, 0.0, 0.0, 0.0, 1.0],
                [0.940863, -0.000579, 0.338786, -0.1169, 0.338782, -0.003658, -0.940858, 0.010676, 0.001784, 0.999993, -0.003246, 0.447096, 0.0, 0.0, 0.0, 1.0],
                [0.940863, -0.000579, 0.338786, -0.1169, 0.338782, -0.003658, -0.940858, 0.010674, 0.001784, 0.999993, -0.003246, 0.447578, 0.0, 0.0, 0.0, 1.0],
                [0.940863, -0.000579, 0.338786, -0.1169, 0.338782, -0.003658, -0.940858, 0.010672, 0.001784, 0.999993, -0.003246, 0.448083, 0.0, 0.0, 0.0, 1.0],
                [0.940863, -0.000579, 0.338786, -0.116901, 0.338782, -0.003658, -0.940858, 0.01067, 0.001784, 0.999993, -0.003246, 0.448609, 0.0, 0.0, 0.0, 1.0],
                [0.940863, -0.000579, 0.338786, -0.116901, 0.338782, -0.003658, -0.940858, 0.010668, 0.001784, 0.999993, -0.003246, 0.449155, 0.0, 0.0, 0.0, 1.0],
                [0.940863, -0.000579, 0.338786, -0.116901, 0.338782, -0.003658, -0.940858, 0.010666, 0.001784, 0.999993, -0.003246, 0.449722, 0.0, 0.0, 0.0, 1.0],
                [0.940863, -0.000579, 0.338786, -0.116902, 0.338782, -0.003658, -0.940858, 0.010664, 0.001784, 0.999993, -0.003246, 0.450308, 0.0, 0.0, 0.0, 1.0],
                [0.940863, -0.000579, 0.338786, -0.116902, 0.338782, -0.003658, -0.940858, 0.010662, 0.001784, 0.999993, -0.003246, 0.450912, 0.0, 0.0, 0.0, 1.0],
                [0.940863, -0.000579, 0.338786, -0.116902, 0.338782, -0.003658, -0.940858, 0.010659, 0.001784, 0.999993, -0.003246, 0.451533, 0.0, 0.0, 0.0, 1.0],
                [0.940863, -0.000579, 0.338786, -0.116903, 0.338782, -0.003658, -0.940858, 0.010657, 0.001784, 0.999993, -0.003246, 0.452172, 0.0, 0.0, 0.0, 1.0],
                [0.940863, -0.000579, 0.338786, -0.116903, 0.338782, -0.003658, -0.940858, 0.010655, 0.001784, 0.999993, -0.003246, 0.452826, 0.0, 0.0, 0.0, 1.0],
                [0.940863, -0.000579, 0.338786, -0.116903, 0.338782, -0.003658, -0.940858, 0.010652, 0.001784, 0.999993, -0.003246, 0.453495, 0.0, 0.0, 0.0, 1.0],
                [0.940863, -0.000579, 0.338786, -0.116904, 0.338782, -0.003658, -0.940858, 0.01065, 0.001784, 0.999993, -0.003246, 0.454179, 0.0, 0.0, 0.0, 1.0],
                [0.940863, -0.000579, 0.338786, -0.116904, 0.338782, -0.003658, -0.940858, 0.010647, 0.001784, 0.999993, -0.003246, 0.454876, 0.0, 0.0, 0.0, 1.0],
                [0.940863, -0.000579, 0.338786, -0.116905, 0.338782, -0.003658, -0.940858, 0.010645, 0.001784, 0.999993, -0.003246, 0.455586, 0.0, 0.0, 0.0, 1.0],
                [0.940863, -0.000579, 0.338786, -0.116905, 0.338782, -0.003658, -0.940858, 0.010642, 0.001784, 0.999993, -0.003246, 0.456307, 0.0, 0.0, 0.0, 1.0],
                [0.940863, -0.000579, 0.338786, -0.116905, 0.338782, -0.003658, -0.940858, 0.010639, 0.001784, 0.999993, -0.003246, 0.45704, 0.0, 0.0, 0.0, 1.0],
                [0.940863, -0.000579, 0.338786, -0.116906, 0.338782, -0.003658, -0.940858, 0.010636, 0.001784, 0.999993, -0.003246, 0.457784, 0.0, 0.0, 0.0, 1.0],
                [0.940863, -0.000579, 0.338786, -0.116906, 0.338782, -0.003658, -0.940858, 0.010634, 0.001784, 0.999993, -0.003246, 0.458536, 0.0, 0.0, 0.0, 1.0],
                [0.940863, -0.000579, 0.338786, -0.116907, 0.338782, -0.003658, -0.940858, 0.010631, 0.001784, 0.999993, -0.003246, 0.459298, 0.0, 0.0, 0.0, 1.0],
                [0.940863, -0.000579, 0.338786, -0.116907, 0.338782, -0.003658, -0.940858, 0.010628, 0.001784, 0.999993, -0.003246, 0.460067, 0.0, 0.0, 0.0, 1.0],
                [0.940863, -0.000579, 0.338786, -0.116908, 0.338782, -0.003658, -0.940858, 0.010625, 0.001784, 0.999993, -0.003246, 0.460844, 0.0, 0.0, 0.0, 1.0],
                [0.940863, -0.000579, 0.338786, -0.116908, 0.338782, -0.003658, -0.940858, 0.010622, 0.001784, 0.999993, -0.003246, 0.461627, 0.0, 0.0, 0.0, 1.0],
                [0.940863, -0.000579, 0.338786, -0.116909, 0.338782, -0.003658, -0.940858, 0.01062, 0.001784, 0.999993, -0.003246, 0.462416, 0.0, 0.0, 0.0, 1.0],
                [0.940863, -0.000579, 0.338786, -0.116909, 0.338782, -0.003658, -0.940858, 0.010617, 0.001784, 0.999993, -0.003246, 0.463209, 0.0, 0.0, 0.0, 1.0],
                [0.940863, -0.000579, 0.338786, -0.116909, 0.338782, -0.003658, -0.940858, 0.010614, 0.001784, 0.999993, -0.003246, 0.464006, 0.0, 0.0, 0.0, 1.0],
                [0.940863, -0.000579, 0.338786, -0.11691, 0.338782, -0.003658, -0.940858, 0.010611, 0.001784, 0.999993, -0.003246, 0.464807, 0.0, 0.0, 0.0, 1.0],
                [0.940863, -0.000579, 0.338786, -0.11691, 0.338782, -0.003658, -0.940858, 0.010608, 0.001784, 0.999993, -0.003246, 0.46561, 0.0, 0.0, 0.0, 1.0],
                [0.940863, -0.000579, 0.338786, -0.116911, 0.338782, -0.003658, -0.940858, 0.010605, 0.001784, 0.999993, -0.003246, 0.466414, 0.0, 0.0, 0.0, 1.0],
                [0.940863, -0.000579, 0.338786, -0.116911, 0.338782, -0.003658, -0.940858, 0.010602, 0.001784, 0.999993, -0.003246, 0.46722, 0.0, 0.0, 0.0, 1.0],
                [0.940863, -0.000579, 0.338786, -0.116912, 0.338782, -0.003658, -0.940858, 0.010599, 0.001784, 0.999993, -0.003246, 0.468025, 0.0, 0.0, 0.0, 1.0],
                [0.940863, -0.000579, 0.338786, -0.116912, 0.338782, -0.003658, -0.940858, 0.010596, 0.001784, 0.999993, -0.003246, 0.468829, 0.0, 0.0, 0.0, 1.0],
                [0.940863, -0.000579, 0.338786, -0.116913, 0.338782, -0.003658, -0.940858, 0.010593, 0.001784, 0.999993, -0.003246, 0.469632, 0.0, 0.0, 0.0, 1.0],
                [0.940863, -0.000579, 0.338786, -0.116913, 0.338782, -0.003658, -0.940858, 0.01059, 0.001784, 0.999993, -0.003246, 0.470433, 0.0, 0.0, 0.0, 1.0],
                [0.940863, -0.000579, 0.338786, -0.116914, 0.338782, -0.003658, -0.940858, 0.010587, 0.001784, 0.999993, -0.003246, 0.47123, 0.0, 0.0, 0.0, 1.0],
                [0.940863, -0.000579, 0.338786, -0.116914, 0.338782, -0.003658, -0.940858, 0.010584, 0.001784, 0.999993, -0.003246, 0.472024, 0.0, 0.0, 0.0, 1.0],
                [0.940863, -0.000579, 0.338786, -0.116915, 0.338782, -0.003658, -0.940858, 0.010581, 0.001784, 0.999993, -0.003246, 0.472812, 0.0, 0.0, 0.0, 1.0],
                [0.940863, -0.000579, 0.338786, -0.116915, 0.338782, -0.003658, -0.940858, 0.010579, 0.001784, 0.999993, -0.003246, 0.473595, 0.0, 0.0, 0.0, 1.0],
                [0.940863, -0.000579, 0.338786, -0.116915, 0.338782, -0.003658, -0.940858, 0.010576, 0.001784, 0.999993, -0.003246, 0.474372, 0.0, 0.0, 0.0, 1.0],
                [0.940863, -0.000579, 0.338786, -0.116916, 0.338782, -0.003658, -0.940858, 0.010573, 0.001784, 0.999993, -0.003246, 0.475141, 0.0, 0.0, 0.0, 1.0],
                [0.940863, -0.000579, 0.338786, -0.116916, 0.338782, -0.003658, -0.940858, 0.01057, 0.001784, 0.999993, -0.003246, 0.475903, 0.0, 0.0, 0.0, 1.0],
                [0.940863, -0.000579, 0.338786, -0.116917, 0.338782, -0.003658, -0.940858, 0.010567, 0.001784, 0.999993, -0.003246, 0.476656, 0.0, 0.0, 0.0, 1.0],
                [0.940863, -0.000579, 0.338786, -0.116917, 0.338782, -0.003658, -0.940858, 0.010565, 0.001784, 0.999993, -0.003246, 0.477399, 0.0, 0.0, 0.0, 1.0],
                [0.940863, -0.000579, 0.338786, -0.116918, 0.338782, -0.003658, -0.940858, 0.010562, 0.001784, 0.999993, -0.003246, 0.478132, 0.0, 0.0, 0.0, 1.0],
                [0.940863, -0.000579, 0.338786, -0.116918, 0.338782, -0.003658, -0.940858, 0.010559, 0.001784, 0.999993, -0.003246, 0.478854, 0.0, 0.0, 0.0, 1.0],
                [0.940863, -0.000579, 0.338786, -0.116918, 0.338782, -0.003658, -0.940858, 0.010557, 0.001784, 0.999993, -0.003246, 0.479564, 0.0, 0.0, 0.0, 1.0],
                [0.940863, -0.000579, 0.338786, -0.116919, 0.338782, -0.003658, -0.940858, 0.010554, 0.001784, 0.999993, -0.003246, 0.480261, 0.0, 0.0, 0.0, 1.0],
                [0.940863, -0.000579, 0.338786, -0.116919, 0.338782, -0.003658, -0.940858, 0.010552, 0.001784, 0.999993, -0.003246, 0.480944, 0.0, 0.0, 0.0, 1.0],
                [0.940863, -0.000579, 0.338786, -0.11692, 0.338782, -0.003658, -0.940858, 0.010549, 0.001784, 0.999993, -0.003246, 0.481614, 0.0, 0.0, 0.0, 1.0],
                [0.940863, -0.000579, 0.338786, -0.11692, 0.338782, -0.003658, -0.940858, 0.010547, 0.001784, 0.999993, -0.003246, 0.482268, 0.0, 0.0, 0.0, 1.0],
                [0.940863, -0.000579, 0.338786, -0.11692, 0.338782, -0.003658, -0.940858, 0.010545, 0.001784, 0.999993, -0.003246, 0.482906, 0.0, 0.0, 0.0, 1.0],
                [0.940863, -0.000579, 0.338786, -0.116921, 0.338782, -0.003658, -0.940858, 0.010542, 0.001784, 0.999993, -0.003246, 0.483527, 0.0, 0.0, 0.0, 1.0],
                [0.940863, -0.000579, 0.338786, -0.116921, 0.338782, -0.003658, -0.940858, 0.01054, 0.001784, 0.999993, -0.003246, 0.484132, 0.0, 0.0, 0.0, 1.0],
                [0.940863, -0.000579, 0.338786, -0.116921, 0.338782, -0.003658, -0.940858, 0.010538, 0.001784, 0.999993, -0.003246, 0.484717, 0.0, 0.0, 0.0, 1.0],
                [0.940863, -0.000579, 0.338786, -0.116922, 0.338782, -0.003658, -0.940858, 0.010536, 0.001784, 0.999993, -0.003246, 0.485284, 0.0, 0.0, 0.0, 1.0],
                [0.940863, -0.000579, 0.338786, -0.116922, 0.338782, -0.003658, -0.940858, 0.010534, 0.001784, 0.999993, -0.003246, 0.485831, 0.0, 0.0, 0.0, 1.0],
                [0.940863, -0.000579, 0.338786, -0.116922, 0.338782, -0.003658, -0.940858, 0.010532, 0.001784, 0.999993, -0.003246, 0.486357, 0.0, 0.0, 0.0, 1.0],
                [0.940863, -0.000579, 0.338786, -0.116923, 0.338782, -0.003658, -0.940858, 0.01053, 0.001784, 0.999993, -0.003246, 0.486861, 0.0, 0.0, 0.0, 1.0],
                [0.940863, -0.000579, 0.338786, -0.116923, 0.338782, -0.003658, -0.940858, 0.010528, 0.001784, 0.999993, -0.003246, 0.487344, 0.0, 0.0, 0.0, 1.0],
                [0.940863, -0.000579, 0.338786, -0.116923, 0.338782, -0.003658, -0.940858, 0.010527, 0.001784, 0.999993, -0.003246, 0.487803, 0.0, 0.0, 0.0, 1.0],
                [0.940863, -0.000579, 0.338786, -0.116923, 0.338782, -0.003658, -0.940858, 0.010525, 0.001784, 0.999993, -0.003246, 0.488238, 0.0, 0.0, 0.0, 1.0],
                [0.940863, -0.000579, 0.338786, -0.116924, 0.338782, -0.003658, -0.940858, 0.010524, 0.001784, 0.999993, -0.003246, 0.488649, 0.0, 0.0, 0.0, 1.0],
                [0.940863, -0.000579, 0.338786, -0.116924, 0.338782, -0.003658, -0.940858, 0.010522, 0.001784, 0.999993, -0.003246, 0.489034, 0.0, 0.0, 0.0, 1.0],
                [0.940863, -0.000579, 0.338786, -0.116924, 0.338782, -0.003658, -0.940858, 0.010521, 0.001784, 0.999993, -0.003246, 0.489393, 0.0, 0.0, 0.0, 1.0],
                [0.940863, -0.000579, 0.338786, -0.116924, 0.338782, -0.003658, -0.940858, 0.01052, 0.001784, 0.999993, -0.003246, 0.489725, 0.0, 0.0, 0.0, 1.0],
                [0.940863, -0.000579, 0.338786, -0.116925, 0.338782, -0.003658, -0.940858, 0.010519, 0.001784, 0.999993, -0.003246, 0.49003, 0.0, 0.0, 0.0, 1.0],
                [0.940863, -0.000579, 0.338786, -0.116925, 0.338782, -0.003658, -0.940858, 0.010518, 0.001784, 0.999993, -0.003246, 0.490305, 0.0, 0.0, 0.0, 1.0],
                [0.940863, -0.000579, 0.338786, -0.116925, 0.338782, -0.003658, -0.940858, 0.010517, 0.001784, 0.999993, -0.003246, 0.490551, 0.0, 0.0, 0.0, 1.0],
                [0.940863, -0.000579, 0.338786, -0.116925, 0.338782, -0.003658, -0.940858, 0.010516, 0.001784, 0.999993, -0.003246, 0.490767, 0.0, 0.0, 0.0, 1.0],
                [0.940863, -0.000579, 0.338786, -0.116925, 0.338782, -0.003658, -0.940858, 0.010515, 0.001784, 0.999993, -0.003246, 0.490952, 0.0, 0.0, 0.0, 1.0],
                [0.940863, -0.000579, 0.338786, -0.116925, 0.338782, -0.003658, -0.940858, 0.010515, 0.001784, 0.999993, -0.003246, 0.491105, 0.0, 0.0, 0.0, 1.0],
                [0.940863, -0.000579, 0.338786, -0.116925, 0.338782, -0.003658, -0.940858, 0.010514, 0.001784, 0.999993, -0.003246, 0.491225, 0.0, 0.0, 0.0, 1.0],
                [0.940863, -0.000579, 0.338786, -0.116925, 0.338782, -0.003658, -0.940858, 0.010514, 0.001784, 0.999993, -0.003246, 0.491312, 0.0, 0.0, 0.0, 1.0],
                [0.940863, -0.000579, 0.338786, -0.116925, 0.338782, -0.003658, -0.940858, 0.010514, 0.001784, 0.999993, -0.003246, 0.491365, 0.0, 0.0, 0.0, 1.0],
                [0.940863, -0.000579, 0.338786, -0.116925, 0.338782, -0.003658, -0.940858, 0.010514, 0.001784, 0.999993, -0.003246, 0.491383, 0.0, 0.0, 0.0, 1.0]
            ]
        },
        {
            "name": "Thigh_R",
            "time": [0.0, 0.0167, 0.0333, 0.05, 0.0667, 0.0833, 0.1, 0.1167, 0.1333, 0.15, 0.1667, 0.1833, 0.2, 0.2167, 0.2333, 0.25, 0.2667, 0.2833, 0.3, 0.3167, 0.3333, 0.35, 0.3667, 0.3833, 0.4, 0.4167, 0.4333, 0.45, 0.4667, 0.4833, 0.5, 0.5167, 0.5333, 0.55, 0.5667, 0.5833, 0.6, 0.6167, 0.6333, 0.65, 0.6667, 0.6833, 0.7, 0.7167, 0.7333, 0.75, 0.7667, 0.7833, 0.8, 0.8167, 0.8333, 0.85, 0.8667, 0.8833, 0.9, 0.9167, 0.9333, 0.95, 0.9667, 0.9833, 1.0, 1.0167, 1.0333, 1.05, 1.0667, 1.0833, 1.1, 1.1167, 1.1333, 1.15, 1.1667, 1.1833, 1.2, 1.2167, 1.2333, 1.25, 1.2667, 1.2833, 1.3, 1.3167, 1.3333, 1.35, 1.3667, 1.3833, 1.4, 1.4167, 1.4333, 1.45, 1.4667, 1.4833, 1.5, 1.5167, 1.5333, 1.55, 1.5667, 1.5833, 1.6, 1.6167, 1.6333, 1.65, 1.6667, 1.6833, 1.7, 1.7167, 1.7333, 1.75, 1.7667, 1.7833, 1.8, 1.8167, 1.8333, 1.85, 1.8667, 1.8833, 1.9, 1.9167, 1.9333, 1.95, 1.9667, 1.9833, 2.0, 2.0167, 2.0333, 2.05, 2.0667, 2.0833, 2.1, 2.1167, 2.1333, 2.15, 2.1667, 2.1833, 2.2, 2.2167, 2.2333, 2.25, 2.2667, 2.2833, 2.3, 2.3167, 2.3333, 2.35, 2.3667, 2.3833, 2.4, 2.4167, 2.4333, 2.45, 2.4667, 2.4833, 2.5, 2.5167, 2.5333, 2.55, 2.5667, 2.5833, 2.6, 2.6167, 2.6333, 2.65, 2.6667, 2.6833, 2.7, 2.7167, 2.7333, 2.75, 2.7667, 2.7833, 2.8, 2.8167, 2.8333, 2.85, 2.8667, 2.8833, 2.9, 2.9167, 2.9333, 2.95, 2.9667, 2.9833, 3.0],
            "transform": [
                [0.815132, 0.408026, 0.411185, 0.124994, 0.460961, -0.886773, -0.033844, -0.002831, 0.350819, 0.217127, -0.910923, -1.2e-05, 0.0, 0.0, 0.0, 1.0],
                [0.815113, 0.408057, 0.411193, 0.124994, 0.460986, -0.88676, -0.033817, -0.002831, 0.350831, 0.217119, -0.910921, -1.2e-05, 0.0, 0.0, 0.0, 1.0],
                [0.815055, 0.408147, 0.411218, 0.124994, 0.46106, -0.886725, -0.033737, -0.002831, 0.350868, 0.217093, -0.910912, -1.2e-05, 0.0, 0.0, 0.0, 1.0],
                [0.814959, 0.408297, 0.411259, 0.124994, 0.461183, -0.886666, -0.033605, -0.002831, 0.350929, 0.217052, -0.910898, -1.2e-05, 0.0, 0.0, 0.0, 1.0],
                [0.814827, 0.408503, 0.411316, 0.124994, 0.461352, -0.886585, -0.033423, -0.002831, 0.351014, 0.216995, -0.910879, -1.2e-05, 0.0, 0.0, 0.0, 1.0],
                [0.814658, 0.408766, 0.411388, 0.124994, 0.461568, -0.886482, -0.033191, -0.002831, 0.351121, 0.216923, -0.910855, -1.2e-05, 0.0, 0.0, 0.0, 1.0],
                [0.814455, 0.409084, 0.411476, 0.124994, 0.461828, -0.886356, -0.032911, -0.002831, 0.351252, 0.216836, -0.910826, -1.2e-05, 0.0, 0.0, 0.0, 1.0],
                [0.814216, 0.409455, 0.411579, 0.124994, 0.462133, -0.88621, -0.032585, -0.002831, 0.351404, 0.216735, -0.910791, -1.2e-05, 0.0, 0.0, 0.0, 1.0],
                [0.813944, 0.409878, 0.411696, 0.124994, 0.462481, -0.886042, -0.032213, -0.002831, 0.351577, 0.216621, -0.910752, -1.2e-05, 0.0, 0.0, 0.0, 1.0],
                [0.813639, 0.410353, 0.411828, 0.124994, 0.46287, -0.885853, -0.031796, -0.002831, 0.351772, 0.216493, -0.910707, -1.2e-05, 0.0, 0.0, 0.0, 1.0],
                [0.8133, 0.410877, 0.411973, 0.124994, 0.463301, -0.885645, -0.031337, -0.002831, 0.351987, 0.216354, -0.910657, -1.2e-05, 0.0, 0.0, 0.0, 1.0],
                [0.81293, 0.411449, 0.412133, 0.124994, 0.463772, -0.885416, -0.030837, -0.002831, 0.352222, 0.216203, -0.910601, -1.2e-05, 0.0, 0.0, 0.0, 1.0],
                [0.812528, 0.412069, 0.412306, 0.124994, 0.464282, -0.885167, -0.030295, -0.002831, 0.352476, 0.216042, -0.910542, -1.2e-05, 0.0, 0.0, 0.0, 1.0],
                [0.812096, 0.412734, 0.412492, 0.124994, 0.46483, -0.884898, -0.029715, -0.002831, 0.35275, 0.21587, -0.910476, -1.2e-05, 0.0, 0.0, 0.0, 1.0],
                [0.811633, 0.413444, 0.412691, 0.124994, 0.465416, -0.884611, -0.029097, -0.002831, 0.353042, 0.21569, -0.910406, -1.2e-05, 0.0, 0.0, 0.0, 1.0],
                [0.811141, 0.414198, 0.412903, 0.124994, 0.466039, -0.884305, -0.028443, -0.002831, 0.353352, 0.2155, -0.91033, -1.2e-05, 0.0, 0.0, 0.0, 1.0],
                [0.810619, 0.414994, 0.413128, 0.124994, 0.466697, -0.88398, -0.027753, -0.002831, 0.35368, 0.215303, -0.91025, -1.2e-05, 0.0, 0.0, 0.0, 1.0],
                [0.81007, 0.415831, 0.413365, 0.124994, 0.46739, -0.883636, -0.02703, -0.002831, 0.354025, 0.215098, -0.910164, -1.2e-05, 0.0, 0.0, 0.0, 1.0],
                [0.809492, 0.416707, 0.413614, 0.124994, 0.468116, -0.883274, -0.026274, -0.002831, 0.354386, 0.214888, -0.910073, -1.2e-05, 0.0, 0.0, 0.0, 1.0],
                [0.808887, 0.417622, 0.413875, 0.124994, 0.468875, -0.882894, -0.025487, -0.002831, 0.354764, 0.214671, -0.909977, -1.2e-05, 0.0, 0.0, 0.0, 1.0],
                [0.808255, 0.418575, 0.414146, 0.124994, 0.469666, -0.882497, -0.024669, -0.002831, 0.355158, 0.21445, -0.909876, -1.2e-05, 0.0, 0.0, 0.0, 1.0],
                [0.807597, 0.419564, 0.41443, 0.124994, 0.470488, -0.882083, -0.023824, -0.002831, 0.355567, 0.214224, -0.909769, -1.2e-05, 0.0, 0.0, 0.0, 1.0],
                [0.806913, 0.420587, 0.414725, 0.124994, 0.47134, -0.881651, -0.02295, -0.002831, 0.35599, 0.213995, -0.909657, -1.2e-05, 0.0, 0.0, 0.0, 1.0],
                [0.806205, 0.421644, 0.41503, 0.124994, 0.472221, -0.881202, -0.022051, -0.002831, 0.356429, 0.213763, -0.90954, -1.2e-05, 0.0, 0.0, 0.0, 1.0],
                [0.805471, 0.422733, 0.415346, 0.124994, 0.473131, -0.880736, -0.021126, -0.002831, 0.35688, 0.213529, -0.909418, -1.2e-05, 0.0, 0.0, 0.0, 1.0],
                [0.804713, 0.423854, 0.415672, 0.124994, 0.474068, -0.880255, -0.020178, -0.002831, 0.357346, 0.213294, -0.90929, -1.2e-05, 0.0, 0.0, 0.0, 1.0],
                [0.803932, 0.425004, 0.416008, 0.124994, 0.475031, -0.879757, -0.019207, -0.002831, 0.357824, 0.213058, -0.909158, -1.2e-05, 0.0, 0.0, 0.0, 1.0],
                [0.803129, 0.426183, 0.416354, 0.124994, 0.47602, -0.879244, -0.018216, -0.002831, 0.358314, 0.212822, -0.90902, -1.2e-05, 0.0, 0.0, 0.0, 1.0],
                [0.802303, 0.42739, 0.41671, 0.124994, 0.477033, -0.878715, -0.017204, -0.002831, 0.358817, 0.212587, -0.908877, -1.2e-05, 0.0, 0.0, 0.0, 1.0],
                [0.801455, 0.428623, 0.417074, 0.124994, 0.478069, -0.878171, -0.016173, -0.002831, 0.359331, 0.212353, -0.908729, -1.2e-05, 0.0, 0.0, 0.0, 1.0],
                [0.800587, 0.42988, 0.417448, 0.124994, 0.479129, -0.877612, -0.015126, -0.002831, 0.359855, 0.212121, -0.908575, -1.2e-05, 0.0, 0.0, 0.0, 1.0],
                [0.799698, 0.431162, 0.41783, 0.124994, 0.480209, -0.877039, -0.014061, -0.002831, 0.360391, 0.211891, -0.908417, -1.2e-05, 0.0, 0.0, 0.0, 1.0],
                [0.79879, 0.432465, 0.41822, 0.124994, 0.481311, -0.876451, -0.012982, -0.002831, 0.360936, 0.211664, -0.908253, -1.2e-05, 0.0, 0.0, 0.0, 1.0],
                [0.797862, 0.43379, 0.418618, 0.124994, 0.482432, -0.87585, -0.011888, -0.002831, 0.36149, 0.21144, -0.908085, -1.2e-05, 0.0, 0.0, 0.0, 1.0],
                [0.796916, 0.435135, 0.419024, 0.124994, 0.483571, -0.875236, -0.010782, -0.002831, 0.362054, 0.21122, -0.907911, -1.2e-05, 0.0, 0.0, 0.0, 1.0],
                [0.795953, 0.436498, 0.419437, 0.124994, 0.484728, -0.874609, -0.009665, -0.002831, 0.362625, 0.211005, -0.907733, -1.2e-05, 0.0, 0.0, 0.0, 1.0],
                [0.794973, 0.437879, 0.419857, 0.124994, 0.485902, -0.873969, -0.008536, -0.002831, 0.363205, 0.210795, -0.90755, -1.2e-05, 0.0, 0.0, 0.0, 1.0],
                [0.793976, 0.439275, 0.420283, 0.124994, 0.48709, -0.873318, -0.007399, -0.002831, 0.363791, 0.21059, -0.907363, -1.2e-05, 0.0, 0.0, 0.0, 1.0],
                [0.792965, 0.440686, 0.420716, 0.124994, 0.488294, -0.872655, -0.006253, -0.002831, 0.364385, 0.210391, -0.907171, -1.2e-05, 0.0, 0.0, 0.0, 1.0],
                [0.791938, 0.44211, 0.421155, 0.124994, 0.48951, -0.871981, -0.0051, -0.002831, 0.364984, 0.210198, -0.906974, -1.2e-05, 0.0, 0.0, 0.0, 1.0],
                [0.790898, 0.443546, 0.421598, 0.124994, 0.490738, -0.871296, -0.003942, -0.002831, 0.365589, 0.210012, -0.906774, -1.2e-05, 0.0, 0.0, 0.0, 1.0],
                [0.789846, 0.444993, 0.422047, 0.124994, 0.491977, -0.870601, -0.002778, -0.002831, 0.3662, 0.209832, -0.906569, -1.2e-05, 0.0, 0.0, 0.0, 1.0],
                [0.788781, 0.446449, 0.422501, 0.124994, 0.493226, -0.869897, -0.001611, -0.002831, 0.366814, 0.209659, -0.906361, -1.2e-05, 0.0, 0.0, 0.0, 1.0],
                [0.787705, 0.447912, 0.422959, 0.124994, 0.494483, -0.869185, -0.000441, -0.002831, 0.367433, 0.209494, -0.906149, -1.2e-05, 0.0, 0.0, 0.0, 1.0],
                [0.786619, 0.449382, 0.423421, 0.124994, 0.495748, -0.868464, 0.00073, -0.002831, 0.368054, 0.209336, -0.905933, -1.2e-05, 0.0, 0.0, 0.0, 1.0],
                [0.785524, 0.450857, 0.423886, 0.124994, 0.497019, -0.867735, 0.001901, -0.002831, 0.368678, 0.209186, -0.905714, -1.2e-05, 0.0, 0.0, 0.0, 1.0],
                [0.784421, 0.452335, 0.424353, 0.124994, 0.498295, -0.866999, 0.003072, -0.002831, 0.369305, 0.209043, -0.905491, -1.2e-05, 0.0, 0.0, 0.0, 1.0],
                [0.78331, 0.453815, 0.424824, 0.124994, 0.499575, -0.866258, 0.004241, -0.002831, 0.369932, 0.208909, -0.905266, -1.2e-05, 0.0, 0.0, 0.0, 1.0],
