{
    "animation": [
        {
            "name": "Root",
            "time": [0.0, 0.0167, 0.0333, 0.05, 0.0667, 0.0833, 0.1, 0.1167, 0.1333, 0.15, 0.1667, 0.1833, 0.2, 0.2167, 0.2333, 0.25, 0.2667, 0.2833, 0.3, 0.3167, 0.3333, 0.35, 0.3667, 0.3833, 0.4, 0.4167, 0.4333, 0.45, 0.4667, 0.4833, 0.5, 0.5167, 0.5333, 0.55, 0.5667, 0.5833, 0.6, 0.6167, 0.6333, 0.65, 0.6667, 0.6833, 0.7, 0.7167, 0.7333, 0.75, 0.7667, 0.7833, 0.8, 0.8167, 0.8333, 0.85, 0.8667, 0.8833, 0.9, 0.9167, 0.9333, 0.95, 0.9667, 0.9833, 1.0, 1.0167, 1.0333, 1.05, 1.0667, 1.0833, 1.1, 1.1167, 1.1333, 1.15, 1.1667, 1.1833, 1.2, 1.2167, 1.2333, 1.25, 1.2667, 1.2833, 1.3, 1.3167, 1.3333, 1.35, 1.3667, 1.3833, 1.4, 1.4167, 1.4333, 1.45, 1.4667, 1.4833, 1.5, 1.5167, 1.5333, 1.55, 1.5667, 1.5833, 1.6, 1.6167, 1.6333, 1.65, 1.6667, 1.6833, 1.7, 1.7167, 1.7333, 1.75, 1.7667, 1.7833, 1.8, 1.8167, 1.8333, 1.85, 1.8667, 1.8833, 1.9, 1.9167, 1.9333, 1.95, 1.9667, 1.9833, 2.0, 2.0167, 2.0333, 2.05, 2.0667, 2.0833, 2.1, 2.1167, 2.1333, 2.15, 2.1667, 2.1833, 2.2, 2.2167, 2.2333, 2.25, 2.2667, 2.2833, 2.3, 2.3167, 2.3333, 2.35, 2.3667, 2.3833, 2.4, 2.4167, 2.4333, 2.45, 2.4667, 2.4833, 2.5, 2.5167, 2.5333, 2.55, 2.5667, 2.5833, 2.6, 2.6167, 2.6333, 2.65, 2.6667, 2.6833, 2.7, 2.7167, 2.7333, 2.75, 2.7667, 2.7833, 2.8, 2.8167, 2.8333, 2.85, 2.8667, 2.8833, 2.9, 2.9167, 2.9333, 2.95, 2.9667, 2.9833, 3.0],
            "transform": [
                [0.951889, -0.018473, 0.305887, -0.013031, 0.306067, 0.007783, -0.951978, 0.051984, 0.015205, 0.999799, 0.013063, 0.51466, 0.0, 0.0, 0.0, 1.0],
                [0.951889, -0.018473, 0.305887, -0.013031, 0.306067, 0.007783, -0.951978, 0.051984, 0.015205, 0.999799, 0.013063, 0.514646, 0.0, 0.0, 0.0, 1.0],
                [0.951889, -0.018473, 0.305887, -0.01303, 0.306067, 0.007783, -0.951978, 0.051984, 0.015205, 0.999799, 0.013063, 0.514603, 0.0, 0.0, 0.0, 1.0],
                [0.951889, -0.018473, 0.305887, -0.013029, 0.306067, 0.007783, -0.951978, 0.051983, 0.015205, 0.999799, 0.013063, 0.514531, 0.0, 0.0, 0.0, 1.0],
                [0.951889, -0.018473, 0.305887, -0.013027, 0.306067, 0.007783, -0.951978, 0.051982, 0.015205, 0.999799, 0.013063, 0.514432, 0.0, 0.0, 0.0, 1.0],
                [0.951889, -0.018473, 0.305887, -0.013024, 0.306067, 0.007783, -0.951978, 0.051981, 0.015205, 0.999799, 0.013063, 0.514306, 0.0, 0.0, 0.0, 1.0],
                [0.951889, -0.018473, 0.305887, -0.013022, 0.306067, 0.007783, -0.951978, 0.05198, 0.015205, 0.999799, 0.013063, 0.514154, 0.0, 0.0, 0.0, 1.0],
                [0.951889, -0.018473, 0.305887, -0.013018, 0.306067, 0.007783, -0.951978, 0.051979, 0.015205, 0.999799, 0.013063, 0.513977, 0.0, 0.0, 0.0, 1.0],
                [0.951889, -0.018473, 0.305887, -0.013015, 0.306067, 0.007783, -0.951978, 0.051977, 0.015205, 0.999799, 0.013063, 0.513774, 0.0, 0.0, 0.0, 1.0],
                [0.951889, -0.018473, 0.305887, -0.01301, 0.306067, 0.007783, -0.951978, 0.051975, 0.015205, 0.999799, 0.013063, 0.513548, 0.0, 0.0, 0.0, 1.0],
                [0.951889, -0.018473, 0.305887, -0.013006, 0.306067, 0.007783, -0.951978, 0.051973, 0.015205, 0.999799, 0.013063, 0.513298, 0.0, 0.0, 0.0, 1.0],
                [0.951889, -0.018473, 0.305887, -0.013001, 0.306067, 0.007783, -0.951978, 0.051971, 0.015205, 0.999799, 0.013063, 0.513025, 0.0, 0.0, 0.0, 1.0],
                [0.951889, -0.018473, 0.305887, -0.012995, 0.306067, 0.007783, -0.951978, 0.051969, 0.015205, 0.999799, 0.013063, 0.51273, 0.0, 0.0, 0.0, 1.0],
                [0.951889, -0.018473, 0.305887, -0.012989, 0.306067, 0.007783, -0.951978, 0.051966, 0.015205, 0.999799, 0.013063, 0.512413, 0.0, 0.0, 0.0, 1.0],
                [0.951889, -0.018473, 0.305887, -0.012983, 0.306067, 0.007783, -0.951978, 0.051964, 0.015205, 0.999799, 0.013063, 0.512075, 0.0, 0.0, 0.0, 1.0],
                [0.951889, -0.018473, 0.305887, -0.012977, 0.306067, 0.007783, -0.951978, 0.051961, 0.015205, 0.999799, 0.013063, 0.511717, 0.0, 0.0, 0.0, 1.0],
                [0.951889, -0.018473, 0.305887, -0.01297, 0.306067, 0.007783, -0.951978, 0.051958, 0.015205, 0.999799, 0.013063, 0.51134, 0.0, 0.0, 0.0, 1.0],
                [0.951889, -0.018473, 0.305887, -0.012962, 0.306067, 0.007783, -0.951978, 0.051955, 0.015205, 0.999799, 0.013063, 0.510943, 0.0, 0.0, 0.0, 1.0],
                [0.951889, -0.018473, 0.305887, -0.012955, 0.306067, 0.007783, -0.951978, 0.051952, 0.015205, 0.999799, 0.013063, 0.510528, 0.0, 0.0, 0.0, 1.0],
                [0.951889, -0.018473, 0.305887, -0.012947, 0.306067, 0.007783, -0.951978, 0.051948, 0.015205, 0.999799, 0.013063, 0.510095, 0.0, 0.0, 0.0, 1.0],
                [0.951889, -0.018473, 0.305887, -0.012938, 0.306067, 0.007783, -0.951978, 0.051945, 0.015205, 0.999799, 0.013063, 0.509646, 0.0, 0.0, 0.0, 1.0],
                [0.951889, -0.018473, 0.305887, -0.01293, 0.306067, 0.007783, -0.951978, 0.051941, 0.015205, 0.999799, 0.013063, 0.50918, 0.0, 0.0, 0.0, 1.0],
                [0.951889, -0.018473, 0.305887, -0.012921, 0.306067, 0.007783, -0.951978, 0.051938, 0.015205, 0.999799, 0.013063, 0.508698, 0.0, 0.0, 0.0, 1.0],
                [0.951889, -0.018473, 0.305887, -0.012912, 0.306067, 0.007783, -0.951978, 0.051934, 0.015205, 0.999799, 0.013063, 0.508202, 0.0, 0.0, 0.0, 1.0],
                [0.951889, -0.018473, 0.305887, -0.012902, 0.306067, 0.007783, -0.951978, 0.05193, 0.015205, 0.999799, 0.013063, 0.507691, 0.0, 0.0, 0.0, 1.0],
                [0.951889, -0.018473, 0.305887, -0.012892, 0.306067, 0.007783, -0.951978, 0.051926, 0.015205, 0.999799, 0.013063, 0.507166, 0.0, 0.0, 0.0, 1.0],
                [0.951889, -0.018473, 0.305887, -0.012883, 0.306067, 0.007783, -0.951978, 0.051921, 0.015205, 0.999799, 0.013063, 0.506628, 0.0, 0.0, 0.0, 1.0],
                [0.951889, -0.018473, 0.305887, -0.012872, 0.306067, 0.007783, -0.951978, 0.051917, 0.015205, 0.999799, 0.013063, 0.506078, 0.0, 0.0, 0.0, 1.0],
                [0.951889, -0.018473, 0.305887, -0.012862, 0.306067, 0.007783, -0.951978, 0.051913, 0.015205, 0.999799, 0.013063, 0.505516, 0.0, 0.0, 0.0, 1.0],
                [0.951889, -0.018473, 0.305887, -0.012851, 0.306067, 0.007783, -0.951978, 0.051908, 0.015205, 0.999799, 0.013063, 0.504942, 0.0, 0.0, 0.0, 1.0],
                [0.951889, -0.018473, 0.305887, -0.012841, 0.306067, 0.007783, -0.951978, 0.051904, 0.015205, 0.999799, 0.013063, 0.504359, 0.0, 0.0, 0.0, 1.0],
                [0.951889, -0.018473, 0.305887, -0.01283, 0.306067, 0.007783, -0.951978, 0.051899, 0.015205, 0.999799, 0.013063, 0.503765, 0.0, 0.0, 0.0, 1.0],
                [0.951889, -0.018473, 0.305887, -0.012818, 0.306067, 0.007783, -0.951978, 0.051894, 0.015205, 0.999799, 0.013063, 0.503163, 0.0, 0.0, 0.0, 1.0],
                [0.951889, -0.018473, 0.305887, -0.012807, 0.306067, 0.007783, -0.951978, 0.05189, 0.015205, 0.999799, 0.013063, 0.502552, 0.0, 0.0, 0.0, 1.0],
                [0.951889, -0.018473, 0.305887, -0.012796, 0.306067, 0.007783, -0.951978, 0.051885, 0.015205, 0.999799, 0.013063, 0.501933, 0.0, 0.0, 0.0, 1.0],
                [0.951889, -0.018473, 0.305887, -0.012784, 0.306067, 0.007783, -0.951978, 0.05188, 0.015205, 0.999799, 0.013063, 0.501306, 0.0, 0.0, 0.0, 1.0],
                [0.951889, -0.018473, 0.305887, -0.012773, 0.306067, 0.007783, -0.951978, 0.051875, 0.015205, 0.999799, 0.013063, 0.500674, 0.0, 0.0, 0.0, 1.0],
                [0.951889, -0.018473, 0.305887, -0.012761, 0.306067, 0.007783, -0.951978, 0.05187, 0.015205, 0.999799, 0.013063, 0.500035, 0.0, 0.0, 0.0, 1.0],
                [0.951889, -0.018473, 0.305887, -0.012749, 0.306067, 0.007783, -0.951978, 0.051865, 0.015205, 0.999799, 0.013063, 0.499391, 0.0, 0.0, 0.0, 1.0],
                [0.951889, -0.018473, 0.305887, -0.012737, 0.306067, 0.007783, -0.951978, 0.05186, 0.015205, 0.999799, 0.013063, 0.498743, 0.0, 0.0, 0.0, 1.0],
                [0.951889, -0.018473, 0.305887, -0.012725, 0.306067, 0.007783, -0.951978, 0.051855, 0.015205, 0.999799, 0.013063, 0.498091, 0.0, 0.0, 0.0, 1.0],
                [0.951889, -0.018473, 0.305887, -0.012713, 0.306067, 0.007783, -0.951978, 0.05185, 0.015205, 0.999799, 0.013063, 0.497435, 0.0, 0.0, 0.0, 1.0],
                [0.951889, -0.018473, 0.305887, -0.0127, 0.306067, 0.007783, -0.951978, 0.051845, 0.015205, 0.999799, 0.013063, 0.496777, 0.0, 0.0, 0.0, 1.0],
                [0.951889, -0.018473, 0.305887, -0.012688, 0.306067, 0.007783, -0.951978, 0.05184, 0.015205, 0.999799, 0.013063, 0.496117, 0.0, 0.0, 0.0, 1.0],
                [0.951889, -0.018473, 0.305887, -0.012676, 0.306067, 0.007783, -0.951978, 0.051834, 0.015205, 0.999799, 0.013063, 0.495455, 0.0, 0.0, 0.0, 1.0],
                [0.951889, -0.018473, 0.305887, -0.012664, 0.306067, 0.007783, -0.951978, 0.051829, 0.015205, 0.999799, 0.013063, 0.494793, 0.0, 0.0, 0.0, 1.0],
                [0.951889, -0.018473, 0.305887, -0.012652, 0.306067, 0.007783, -0.951978, 0.051824, 0.015205, 0.999799, 0.013063, 0.494131, 0.0, 0.0, 0.0, 1.0],
                [0.951889, -0.018473, 0.305887, -0.012639, 0.306067, 0.007783, -0.951978, 0.051819, 0.015205, 0.999799, 0.013063, 0.493469, 0.0, 0.0, 0.0, 1.0],
                [0.951889, -0.018473, 0.305887, -0.012627, 0.306067, 0.007783, -0.951978, 0.051814, 0.015205, 0.999799, 0.013063, 0.492809, 0.0, 0.0, 0.0, 1.0],
                [0.951889, -0.018473, 0.305887, -0.012615, 0.306067, 0.007783, -0.951978, 0.051809, 0.015205, 0.999799, 0.013063, 0.492151, 0.0, 0.0, 0.0, 1.0],
                [0.951889, -0.018473, 0.305887, -0.012603, 0.306067, 0.007783, -0.951978, 0.051804, 0.015205, 0.999799, 0.013063, 0.491495, 0.0, 0.0, 0.0, 1.0],
                [0.951889, -0.018473, 0.305887, -0.012591, 0.306067, 0.007783, -0.951978, 0.051799, 0.015205, 0.999799, 0.013063, 0.490843, 0.0, 0.0, 0.0, 1.0],
                [0.951889, -0.018473, 0.305887, -0.012579, 0.306067, 0.007783, -0.951978, 0.051794, 0.015205, 0.999799, 0.013063, 0.490195, 0.0, 0.0, 0.0, 1.0],
                [0.951889, -0.018473, 0.305887, -0.012567, 0.306067, 0.007783, -0.951978, 0.051789, 0.015205, 0.999799, 0.013063, 0.489551, 0.0, 0.0, 0.0, 1.0],
                [0.951889, -0.018473, 0.305887, -0.012555, 0.306067, 0.007783, -0.951978, 0.051784, 0.015205, 0.999799, 0.013063, 0.488912, 0.0, 0.0, 0.0, 1.0],
                [0.951889, -0.018473, 0.305887, -0.012543, 0.306067, 0.007783, -0.951978, 0.051779, 0.015205, 0.999799, 0.013063, 0.488279, 0.0, 0.0, 0.0, 1.0],
                [0.951889, -0.018473, 0.305887, -0.012532, 0.306067, 0.007783, -0.951978, 0.051774, 0.015205, 0.999799, 0.013063, 0.487653, 0.0, 0.0, 0.0, 1.0],
                [0.951889, -0.018473, 0.305887, -0.01252, 0.306067, 0.007783, -0.951978, 0.051769, 0.015205, 0.999799, 0.013063, 0.487034, 0.0, 0.0, 0.0, 1.0],
                [0.951889, -0.018473, 0.305887, -0.012509, 0.306067, 0.007783, -0.951978, 0.051764, 0.015205, 0.999799, 0.013063, 0.486423, 0.0, 0.0, 0.0, 1.0],
                [0.951889, -0.018473, 0.305887, -0.012498, 0.306067, 0.007783, -0.951978, 0.051759, 0.015205, 0.999799, 0.013063, 0.485821, 0.0, 0.0, 0.0, 1.0],
                [0.951889, -0.018473, 0.305887, -0.012487, 0.306067, 0.007783, -0.951978, 0.051755, 0.015205, 0.999799, 0.013063, 0.485227, 0.0, 0.0, 0.0, 1.0],
                [0.951889, -0.018473, 0.305887, -0.012476, 0.306067, 0.007783, -0.951978, 0.05175, 0.015205, 0.999799, 0.013063, 0.484643, 0.0, 0.0, 0.0, 1.0],
                [0.951889, -0.018473, 0.305887, -0.012466, 0.306067, 0.007783, -0.951978, 0.051746, 0.015205, 0.999799, 0.013063, 0.48407, 0.0, 0.0, 0.0, 1.0],
                [0.951889, -0.018473, 0.305887, -0.012455, 0.306067, 0.007783, -0.951978, 0.051741, 0.015205, 0.999799, 0.013063, 0.483508, 0.0, 0.0, 0.0, 1.0],
                [0.951889, -0.018473, 0.305887, -0.012445, 0.306067, 0.007783, -0.951978, 0.051737, 0.015205, 0.999799, 0.013063, 0.482958, 0.0, 0.0, 0.0, 1.0],
                [0.951889, -0.018473, 0.305887, -0.012435, 0.306067, 0.007783, -0.951978, 0.051733, 0.015205, 0.999799, 0.013063, 0.48242, 0.0, 0.0, 0.0, 1.0],
                [0.951889, -0.018473, 0.305887, -0.012426, 0.306067, 0.007783, -0.951978, 0.051729, 0.015205, 0.999799, 0.013063, 0.481895, 0.0, 0.0, 0.0, 1.0],
                [0.951889, -0.018473, 0.305887, -0.012416, 0.306067, 0.007783, -0.951978, 0.051725, 0.015205, 0.999799, 0.013063, 0.481384, 0.0, 0.0, 0.0, 1.0],
                [0.951889, -0.018473, 0.305887, -0.012407, 0.306067, 0.007783, -0.951978, 0.051721, 0.015205, 0.999799, 0.013063, 0.480888, 0.0, 0.0, 0.0, 1.0],
                [0.951889, -0.018473, 0.305887, -0.012398, 0.306067, 0.007783, -0.951978, 0.051717, 0.015205, 0.999799, 0.013063, 0.480406, 0.0, 0.0, 0.0, 1.0],
                [0.951889, -0.018473, 0.305887, -0.012389, 0.306067, 0.007783, -0.951978, 0.051714, 0.015205, 0.999799, 0.013063, 0.47994, 0.0, 0.0, 0.0, 1.0],
                [0.951889, -0.018473, 0.305887, -0.012381, 0.306067, 0.007783, -0.951978, 0.05171, 0.015205, 0.999799, 0.013063, 0.47949, 0.0, 0.0, 0.0, 1.0],
                [0.951889, -0.018473, 0.305887, -0.012373, 0.306067, 0.007783, -0.951978, 0.051707, 0.015205, 0.999799, 0.013063, 0.479058, 0.0, 0.0, 0.0, 1.0],
                [0.951889, -0.018473, 0.305887, -0.012365, 0.306067, 0.007783, -0.951978, 0.051704, 0.015205, 0.999799, 0.013063, 0.478643, 0.0, 0.0, 0.0, 1.0],
                [0.951889, -0.018473, 0.305887, -0.012358, 0.306067, 0.007783, -0.951978, 0.051701, 0.015205, 0.999799, 0.013063, 0.478246, 0.0, 0.0, 0.0, 1.0],
                [0.951889, -0.018473, 0.305887, -0.012351, 0.306067, 0.007783, -0.951978, 0.051698, 0.015205, 0.999799, 0.013063, 0.477869, 0.0, 0.0, 0.0, 1.0],
                [0.951889, -0.018473, 0.305887, -0.012345, 0.306067, 0.007783, -0.951978, 0.051695, 0.015205, 0.999799, 0.013063, 0.477511, 0.0, 0.0, 0.0, 1.0],
                [0.951889, -0.018473, 0.305887, -0.012338, 0.306067, 0.007783, -0.951978, 0.051692, 0.015205, 0.999799, 0.013063, 0.477173, 0.0, 0.0, 0.0, 1.0],
                [0.951889, -0.018473, 0.305887, -0.012332, 0.306067, 0.007783, -0.951978, 0.05169, 0.015205, 0.999799, 0.013063, 0.476856, 0.0, 0.0, 0.0, 1.0],
                [0.951889, -0.018473, 0.305887, -0.012327, 0.306067, 0.007783, -0.951978, 0.051687, 0.015205, 0.999799, 0.013063, 0.476561, 0.0, 0.0, 0.0, 1.0],
                [0.951889, -0.018473, 0.305887, -0.012322, 0.306067, 0.007783, -0.951978, 0.051685, 0.015205, 0.999799, 0.013063, 0.476288, 0.0, 0.0, 0.0, 1.0],
                [0.951889, -0.018473, 0.305887, -0.012317, 0.306067, 0.007783, -0.951978, 0.051683, 0.015205, 0.999799, 0.013063, 0.476038, 0.0, 0.0, 0.0, 1.0],
                [0.951889, -0.018473, 0.305887, -0.012313, 0.306067, 0.007783, -0.951978, 0.051682, 0.015205, 0.999799, 0.013063, 0.475811, 0.0, 0.0, 0.0, 1.0],
                [0.951889, -0.018473, 0.305887, -0.012309, 0.306067, 0.007783, -0.951978, 0.05168, 0.015205, 0.999799, 0.013063, 0.475609, 0.0, 0.0, 0.0, 1.0],
                [0.951889, -0.018473, 0.305887, -0.012306, 0.306067, 0.007783, -0.951978, 0.051679, 0.015205, 0.999799, 0.013063, 0.475432, 0.0, 0.0, 0.0, 1.0],
                [0.951889, -0.018473, 0.305887, -0.012303, 0.306067, 0.007783, -0.951978, 0.051677, 0.015205, 0.999799, 0.013063, 0.47528, 0.0, 0.0, 0.0, 1.0],
                [0.951889, -0.018473, 0.305887, -0.012301, 0.306067, 0.007783, -0.951978, 0.051676, 0.015205, 0.999799, 0.013063, 0.475154, 0.0, 0.0, 0.0, 1.0],
                [0.951889, -0.018473, 0.305887, -0.012299, 0.306067, 0.007783, -0.951978, 0.051676, 0.015205, 0.999799, 0.013063, 0.475055, 0.0, 0.0, 0.0, 1.0],
                [0.951889, -0.018473, 0.305887, -0.012298, 0.306067, 0.007783, -0.951978, 0.051675, 0.015205, 0.999799, 0.013063, 0.474983, 0.0, 0.0, 0.0, 1.0],
                [0.951889, -0.018473, 0.305887, -0.012297, 0.306067, 0.007783, -0.951978, 0.051675, 0.015205, 0.999799, 0.013063, 0.47494, 0.0, 0.0, 0.0, 1.0],
                [0.951889, -0.018473, 0.305887, -0.012297, 0.306067, 0.007783, -0.951978, 0.051675, 0.015205, 0.999799, 0.013063, 0.474925, 0.0, 0.0, 0.0, 1.0],
                [0.951889, -0.018473, 0.305887, -0.012297, 0.306067, 0.007783, -0.951978, 0.051675, 0.015205, 0.999799, 0.013063, 0.47494, 0.0, 0.0, 0.0, 1.0],
                [0.951889, -0.018473, 0.305887, -0.012298, 0.306067, 0.007783, -0.951978, 0.051675, 0.015205, 0.999799, 0.013063, 0.474983, 0.0, 0.0, 0.0, 1.0],
                [0.951889, -0.018473, 0.305887, -0.012299, 0.306067, 0.007783, -0.951978, 0.051676, 0.015205, 0.999799, 0.013063, 0.475055, 0.0, 0.0, 0.0, 1.0],
                [0.951889, -0.018473, 0.305887, -0.012301, 0.306067, 0.007783, -0.951978, 0.051676, 0.015205, 0.999799, 0.013063, 0.475154, 0.0, 0.0, 0.0, 1.0],
                [0.951889, -0.018473, 0.305887, -0.012303, 0.306067, 0.007783, -0.951978, 0.051677, 0.015205, 0.999799, 0.013063, 0.47528, 0.0, 0.0, 0.0, 1.0],
                [0.951889, -0.018473, 0.305887, -0.012306, 0.306067, 0.007783, -0.951978, 0.051679, 0.015205, 0.999799, 0.013063, 0.475432, 0.0, 0.0, 0.0, 1.0],
                [0.951889, -0.018473, 0.305887, -0.012309, 0.306067, 0.007783, -0.951978, 0.05168, 0.015205, 0.999799, 0.013063, 0.475609, 0.0, 0.0, 0.0, 1.0],
                [0.951889, -0.018473, 0.305887, -0.012313, 0.306067, 0.007783, -0.951978, 0.051682, 0.015205, 0.999799, 0.013063, 0.475811, 0.0, 0.0, 0.0, 1.0],
                [0.951889, -0.018473, 0.305887, -0.012317, 0.306067, 0.007783, -0.951978, 0.051683, 0.015205, 0.999799, 0.013063, 0.476038, 0.0, 0.0, 0.0, 1.0],
                [0.951889, -0.018473, 0.305887, -0.012322, 0.306067, 0.007783, -0.951978, 0.051685, 0.015205, 0.999799, 0.013063, 0.476288, 0.0, 0.0, 0.0, 1.0],
                [0.951889, -0.018473, 0.305887, -0.012327, 0.306067, 0.007783, -0.951978, 0.051687, 0.015205, 0.999799, 0.013063, 0.476561, 0.0, 0.0, 0.0, 1.0],
                [0.951889, -0.018473, 0.305887, -0.012332, 0.306067, 0.007783, -0.951978, 0.05169, 0.015205, 0.999799, 0.013063, 0.476856, 0.0, 0.0, 0.0, 1.0],
                [0.951889, -0.018473, 0.305887, -0.012338, 0.306067, 0.007783, -0.951978, 0.051692, 0.015205, 0.999799, 0.013063, 0.477173, 0.0, 0.0, 0.0, 1.0],
                [0.951889, -0.018473, 0.305887, -0.012345, 0.306067, 0.007783, -0.951978, 0.051695, 0.015205, 0.999799, 0.013063, 0.477511, 0.0, 0.0, 0.0, 1.0],
                [0.951889, -0.018473, 0.305887, -0.012351, 0.306067, 0.007783, -0.951978, 0.051698, 0.015205, 0.999799, 0.013063, 0.477869, 0.0, 0.0, 0.0, 1.0],
                [0.951889, -0.018473, 0.305887, -0.012358, 0.306067, 0.007783, -0.951978, 0.051701, 0.015205, 0.999799, 0.013063, 0.478246, 0.0, 0.0, 0.0, 1.0],
                [0.951889, -0.018473, 0.305887, -0.012365, 0.306067, 0.007783, -0.951978, 0.051704, 0.015205, 0.999799, 0.013063, 0.478643, 0.0, 0.0, 0.0, 1.0],
                [0.951889, -0.018473, 0.305887, -0.012373, 0.306067, 0.007783, -0.951978, 0.051707, 0.015205, 0.999799, 0.013063, 0.479058, 0.0, 0.0, 0.0, 1.0],
                [0.951889, -0.018473, 0.305887, -0.012381, 0.306067, 0.007783, -0.951978, 0.05171, 0.015205, 0.999799, 0.013063, 0.47949, 0.0, 0.0, 0.0, 1.0],
                [0.951889, -0.018473, 0.305887, -0.012389, 0.306067, 0.007783, -0.951978, 0.051714, 0.015205, 0.999799, 0.013063, 0.47994, 0.0, 0.0, 0.0, 1.0],
                [0.951889, -0.018473, 0.305887, -0.012398, 0.306067, 0.007783, -0.951978, 0.051717, 0.015205, 0.999799, 0.013063, 0.480406, 0.0, 0.0, 0.0, 1.0],
                [0.951889, -0.018473, 0.305887, -0.012407, 0.306067, 0.007783, -0.951978, 0.051721, 0.015205, 0.999799, 0.013063, 0.480888, 0.0, 0.0, 0.0, 1.0],
                [0.951889, -0.018473, 0.305887, -0.012416, 0.306067, 0.007783, -0.951978, 0.051725, 0.015205, 0.999799, 0.013063, 0.481384, 0.0, 0.0, 0.0, 1.0],
                [0.951889, -0.018473, 0.305887, -0.012426, 0.306067, 0.007783, -0.951978, 0.051729, 0.015205, 0.999799, 0.013063, 0.481895, 0.0, 0.0, 0.0, 1.0],
                [0.951889, -0.018473, 0.305887, -0.012435, 0.306067, 0.007783, -0.951978, 0.051733, 0.015205, 0.999799, 0.013063, 0.48242, 0.0, 0.0, 0.0, 1.0],
                [0.951889, -0.018473, 0.305887, -0.012445, 0.306067, 0.007783, -0.951978, 0.051737, 0.015205, 0.999799, 0.013063, 0.482958, 0.0, 0.0, 0.0, 1.0],
                [0.951889, -0.018473, 0.305887, -0.012455, 0.306067, 0.007783, -0.951978, 0.051741, 0.015205, 0.999799, 0.013063, 0.483508, 0.0, 0.0, 0.0, 1.0],
                [0.951889, -0.018473, 0.305887, -0.012466, 0.306067, 0.007783, -0.951978, 0.051746, 0.015205, 0.999799, 0.013063, 0.48407, 0.0, 0.0, 0.0, 1.0],
                [0.951889, -0.018473, 0.305887, -0.012476, 0.306067, 0.007783, -0.951978, 0.05175, 0.015205, 0.999799, 0.013063, 0.484643, 0.0, 0.0, 0.0, 1.0],
                [0.951889, -0.018473, 0.305887, -0.012487, 0.306067, 0.007783, -0.951978, 0.051755, 0.015205, 0.999799, 0.013063, 0.485227, 0.0, 0.0, 0.0, 1.0],
                [0.951889, -0.018473, 0.305887, -0.012498, 0.306067, 0.007783, -0.951978, 0.051759, 0.015205, 0.999799, 0.013063, 0.485821, 0.0, 0.0, 0.0, 1.0],
                [0.951889, -0.018473, 0.305887, -0.012509, 0.306067, 0.007783, -0.951978, 0.051764, 0.015205, 0.999799, 0.013063, 0.486423, 0.0, 0.0, 0.0, 1.0],
                [0.951889, -0.018473, 0.305887, -0.01252, 0.306067, 0.007783, -0.951978, 0.051769, 0.015205, 0.999799, 0.013063, 0.487034, 0.0, 0.0, 0.0, 1.0],
                [0.951889, -0.018473, 0.305887, -0.012532, 0.306067, 0.007783, -0.951978, 0.051774, 0.015205, 0.999799, 0.013063, 0.487653, 0.0, 0.0, 0.0, 1.0],
                [0.951889, -0.018473, 0.305887, -0.012543, 0.306067, 0.007783, -0.951978, 0.051779, 0.015205, 0.999799, 0.013063, 0.488279, 0.0, 0.0, 0.0, 1.0],
                [0.951889, -0.018473, 0.305887, -0.012555, 0.306067, 0.007783, -0.951978, 0.051784, 0.015205, 0.999799, 0.013063, 0.488912, 0.0, 0.0, 0.0, 1.0],
                [0.951889, -0.018473, 0.305887, -0.012567, 0.306067, 0.007783, -0.951978, 0.051789, 0.015205, 0.999799, 0.013063, 0.489551, 0.0, 0.0, 0.0, 1.0],
                [0.951889, -0.018473, 0.305887, -0.012579, 0.306067, 0.007783, -0.951978, 0.051794, 0.015205, 0.999799, 0.013063, 0.490195, 0.0, 0.0, 0.0, 1.0],
                [0.951889, -0.018473, 0.305887, -0.012591, 0.306067, 0.007783, -0.951978, 0.051799, 0.015205, 0.999799, 0.013063, 0.490843, 0.0, 0.0, 0.0, 1.0],
                [0.951889, -0.018473, 0.305887, -0.012603, 0.306067, 0.007783, -0.951978, 0.051804, 0.015205, 0.999799, 0.013063, 0.491495, 0.0, 0.0, 0.0, 1.0],
                [0.951889, -0.018473, 0.305887, -0.012615, 0.306067, 0.007783, -0.951978, 0.051809, 0.015205, 0.999799, 0.013063, 0.492151, 0.0, 0.0, 0.0, 1.0],
                [0.951889, -0.018473, 0.305887, -0.012627, 0.306067, 0.007783, -0.951978, 0.051814, 0.015205, 0.999799, 0.013063, 0.492809, 0.0, 0.0, 0.0, 1.0],
                [0.951889, -0.018473, 0.305887, -0.012639, 0.306067, 0.007783, -0.951978, 0.051819, 0.015205, 0.999799, 0.013063, 0.493469, 0.0, 0.0, 0.0, 1.0],
                [0.951889, -0.018473, 0.305887, -0.012652, 0.306067, 0.007783, -0.951978, 0.051824, 0.015205, 0.999799, 0.013063, 0.494131, 0.0, 0.0, 0.0, 1.0],
                [0.951889, -0.018473, 0.305887, -0.012664, 0.306067, 0.007783, -0.951978, 0.051829, 0.015205, 0.999799, 0.013063, 0.494793, 0.0, 0.0, 0.0, 1.0],
                [0.951889, -0.018473, 0.305887, -0.012676, 0.306067, 0.007783, -0.951978, 0.051834, 0.015205, 0.999799, 0.013063, 0.495455, 0.0, 0.0, 0.0, 1.0],
                [0.951889, -0.018473, 0.305887, -0.012688, 0.306067, 0.007783, -0.951978, 0.05184, 0.015205, 0.999799, 0.013063, 0.496117, 0.0, 0.0, 0.0, 1.0],
                [0.951889, -0.018473, 0.305887, -0.0127, 0.306067, 0.007783, -0.951978, 0.051845, 0.015205, 0.999799, 0.013063, 0.496777, 0.0, 0.0, 0.0, 1.0],
                [0.951889, -0.018473, 0.305887, -0.012713, 0.306067, 0.007783, -0.951978, 0.05185, 0.015205, 0.999799, 0.013063, 0.497435, 0.0, 0.0, 0.0, 1.0],
                [0.951889, -0.018473, 0.305887, -0.012725, 0.306067, 0.007783, -0.951978, 0.051855, 0.015205, 0.999799, 0.013063, 0.498091, 0.0, 0.0, 0.0, 1.0],
                [0.951889, -0.018473, 0.305887, -0.012737, 0.306067, 0.007783, -0.951978, 0.05186, 0.015205, 0.999799, 0.013063, 0.498743, 0.0, 0.0, 0.0, 1.0],
                [0.951889, -0.018473, 0.305887, -0.012749, 0.306067, 0.007783, -0.951978, 0.051865, 0.015205, 0.999799, 0.013063, 0.499391, 0.0, 0.0, 0.0, 1.0],
                [0.951889, -0.018473, 0.305887, -0.012761, 0.306067, 0.007783, -0.951978, 0.05187, 0.015205, 0.999799, 0.013063, 0.500035, 0.0, 0.0, 0.0, 1.0],
                [0.951889, -0.018473, 0.305887, -0.012773, 0.306067, 0.007783, -0.951978, 0.051875, 0.015205, 0.999799, 0.013063, 0.500674, 0.0, 0.0, 0.0, 1.0],
                [0.951889, -0.018473, 0.305887, -0.012784, 0.306067, 0.007783, -0.951978, 0.05188, 0.015205, 0.999799, 0.013063, 0.501306, 0.0, 0.0, 0.0, 1.0],
                [0.951889, -0.018473, 0.305887, -0.012796, 0.306067, 0.007783, -0.951978, 0.051885, 0.015205, 0.999799, 0.013063, 0.501933, 0.0, 0.0, 0.0, 1.0],
                [0.951889, -0.018473, 0.305887, -0.012807, 0.306067, 0.007783, -0.951978, 0.05189, 0.015205, 0.999799, 0.013063, 0.502552, 0.0, 0.0, 0.0, 1.0],
                [0.951889, -0.018473, 0.305887, -0.012818, 0.306067, 0.007783, -0.951978, 0.051894, 0.015205, 0.999799, 0.013063, 0.503163, 0.0, 0.0, 0.0, 1.0],
                [0.951889, -0.018473, 0.305887, -0.01283, 0.306067, 0.007783, -0.951978, 0.051899, 0.015205, 0.999799, 0.013063, 0.503765, 0.0, 0.0, 0.0, 1.0],
                [0.951889, -0.018473, 0.305887, -0.012841, 0.306067, 0.007783, -0.951978, 0.051904, 0.015205, 0.999799, 0.013063, 0.504359, 0.0, 0.0, 0.0, 1.0],
                [0.951889, -0.018473, 0.305887, -0.012851, 0.306067, 0.007783, -0.951978, 0.051908, 0.015205, 0.999799, 0.013063, 0.504942, 0.0, 0.0, 0.0, 1.0],
                [0.951889, -0.018473, 0.305887, -0.012862, 0.306067, 0.007783, -0.951978, 0.051913, 0.015205, 0.999799, 0.013063, 0.505516, 0.0, 0.0, 0.0, 1.0],
                [0.951889, -0.018473, 0.305887, -0.012872, 0.306067, 0.007783, -0.951978, 0.051917, 0.015205, 0.999799, 0.013063, 0.506078, 0.0, 0.0, 0.0, 1.0],
                [0.951889, -0.018473, 0.305887, -0.012883, 0.306067, 0.007783, -0.951978, 0.051921, 0.015205, 0.999799, 0.013063, 0.506628, 0.0, 0.0, 0.0, 1.0],
                [0.951889, -0.018473, 0.305887, -0.012892, 0.306067, 0.007783, -0.951978, 0.051926, 0.015205, 0.999799, 0.013063, 0.507166, 0.0, 0.0, 0.0, 1.0],
                [0.951889, -0.018473, 0.305887, -0.012902, 0.306067, 0.007783, -0.951978, 0.05193, 0.015205, 0.999799, 0.013063, 0.507691, 0.0, 0.0, 0.0, 1.0],
                [0.951889, -0.018473, 0.305887, -0.012912, 0.306067, 0.007783, -0.951978, 0.051934, 0.015205, 0.999799, 0.013063, 0.508202, 0.0, 0.0, 0.0, 1.0],
                [0.951889, -0.018473, 0.305887, -0.012921, 0.306067, 0.007783, -0.951978, 0.051938, 0.015205, 0.999799, 0.013063, 0.508698, 0.0, 0.0, 0.0, 1.0],
                [0.951889, -0.018473, 0.305887, -0.01293, 0.306067, 0.007783, -0.951978, 0.051941, 0.015205, 0.999799, 0.013063, 0.50918, 0.0, 0.0, 0.0, 1.0],
                [0.951889, -0.018473, 0.305887, -0.012938, 0.306067, 0.007783, -0.951978, 0.051945, 0.015205, 0.999799, 0.013063, 0.509646, 0.0, 0.0, 0.0, 1.0],
                [0.951889, -0.018473, 0.305887, -0.012947, 0.306067, 0.007783, -0.951978, 0.051948, 0.015205, 0.999799, 0.013063, 0.510095, 0.0, 0.0, 0.0, 1.0],
                [0.951889, -0.018473, 0.305887, -0.012955, 0.306067, 0.007783, -0.951978, 0.051952, 0.015205, 0.999799, 0.013063, 0.510528, 0.0, 0.0, 0.0, 1.0],
                [0.951889, -0.018473, 0.305887, -0.012962, 0.306067, 0.007783, -0.951978, 0.051955, 0.015205, 0.999799, 0.013063, 0.510943, 0.0, 0.0, 0.0, 1.0],
                [0.951889, -0.018473, 0.305887, -0.01297, 0.306067, 0.007783, -0.951978, 0.051958, 0.015205, 0.999799, 0.013063, 0.51134, 0.0, 0.0, 0.0, 1.0],
                [0.951889, -0.018473, 0.305887, -0.012977, 0.306067, 0.007783, -0.951978, 0.051961, 0.015205, 0.999799, 0.013063, 0.511717, 0.0, 0.0, 0.0, 1.0],
                [0.951889, -0.018473, 0.305887, -0.012983, 0.306067, 0.007783, -0.951978, 0.051964, 0.015205, 0.999799, 0.013063, 0.512075, 0.0, 0.0, 0.0, 1.0],
                [0.951889, -0.018473, 0.305887, -0.012989, 0.306067, 0.007783, -0.951978, 0.051966, 0.015205, 0.999799, 0.013063, 0.512413, 0.0, 0.0, 0.0, 1.0],
                [0.951889, -0.018473, 0.305887, -0.012995, 0.306067, 0.007783, -0.951978, 0.051969, 0.015205, 0.999799, 0.013063, 0.51273, 0.0, 0.0, 0.0, 1.0],
                [0.951889, -0.018473, 0.305887, -0.013001, 0.306067, 0.007783, -0.951978, 0.051971, 0.015205, 0.999799, 0.013063, 0.513025, 0.0, 0.0, 0.0, 1.0],
                [0.951889, -0.018473, 0.305887, -0.013006, 0.306067, 0.007783, -0.951978, 0.051973, 0.015205, 0.999799, 0.013063, 0.513298, 0.0, 0.0, 0.0, 1.0],
                [0.951889, -0.018473, 0.305887, -0.01301, 0.306067, 0.007783, -0.951978, 0.051975, 0.015205, 0.999799, 0.013063, 0.513548, 0.0, 0.0, 0.0, 1.0],
                [0.951889, -0.018473, 0.305887, -0.013015, 0.306067, 0.007783, -0.951978, 0.051977, 0.015205, 0.999799, 0.013063, 0.513774, 0.0, 0.0, 0.0, 1.0],
                [0.951889, -0.018473, 0.305887, -0.013018, 0.306067, 0.007783, -0.951978, 0.051979, 0.015205, 0.999799, 0.013063, 0.513977, 0.0, 0.0, 0.0, 1.0],
                [0.951889, -0.018473, 0.305887, -0.013022, 0.306067, 0.007783, -0.951978, 0.05198, 0.015205, 0.999799, 0.013063, 0.514154, 0.0, 0.0, 0.0, 1.0],
                [0.951889, -0.018473, 0.305887, -0.013024, 0.306067, 0.007783, -0.951978, 0.051981, 0.015205, 0.999799, 0.013063, 0.514306, 0.0, 0.0, 0.0, 1.0],
                [0.951889, -0.018473, 0.305887, -0.013027, 0.306067, 0.007783, -0.951978, 0.051982, 0.015205, 0.999799, 0.013063, 0.514432, 0.0, 0.0, 0.0, 1.0],
                [0.951889, -0.018473, 0.305887, -0.013029, 0.306067, 0.007783, -0.951978, 0.051983, 0.015205, 0.999799, 0.013063, 0.514531, 0.0, 0.0, 0.0, 1.0],
                [0.951889, -0.018473, 0.305887, -0.01303, 0.306067, 0.007783, -0.951978, 0.051984, 0.015205, 0.999799, 0.013063, 0.514603, 0.0, 0.0, 0.0, 1.0],
                [0.951889, -0.018473, 0.305887, -0.013031, 0.306067, 0.007783, -0.951978, 0.051984, 0.015205, 0.999799, 0.013063, 0.514646, 0.0, 0.0, 0.0, 1.0],
                [0.951889, -0.018473, 0.305887, -0.013031, 0.306067, 0.007783, -0.951978, 0.051984, 0.015205, 0.999799, 0.013063, 0.51466, 0.0, 0.0, 0.0, 1.0]
            ]
        },
        {
            "name": "Thigh_R",
            "time": [0.0, 0.0167, 0.0333, 0.05, 0.0667, 0.0833, 0.1, 0.1167, 0.1333, 0.15, 0.1667, 0.1833, 0.2, 0.2167, 0.2333, 0.25, 0.2667, 0.2833, 0.3, 0.3167, 0.3333, 0.35, 0.3667, 0.3833, 0.4, 0.4167, 0.4333, 0.45, 0.4667, 0.4833, 0.5, 0.5167, 0.5333, 0.55, 0.5667, 0.5833, 0.6, 0.6167, 0.6333, 0.65, 0.6667, 0.6833, 0.7, 0.7167, 0.7333, 0.75, 0.7667, 0.7833, 0.8, 0.8167, 0.8333, 0.85, 0.8667, 0.8833, 0.9, 0.9167, 0.9333, 0.95, 0.9667, 0.9833, 1.0, 1.0167, 1.0333, 1.05, 1.0667, 1.0833, 1.1, 1.1167, 1.1333, 1.15, 1.1667, 1.1833, 1.2, 1.2167, 1.2333, 1.25, 1.2667, 1.2833, 1.3, 1.3167, 1.3333, 1.35, 1.3667, 1.3833, 1.4, 1.4167, 1.4333, 1.45, 1.4667, 1.4833, 1.5, 1.5167, 1.5333, 1.55, 1.5667, 1.5833, 1.6, 1.6167, 1.6333, 1.65, 1.6667, 1.6833, 1.7, 1.7167, 1.7333, 1.75, 1.7667, 1.7833, 1.8, 1.8167, 1.8333, 1.85, 1.8667, 1.8833, 1.9, 1.9167, 1.9333, 1.95, 1.9667, 1.9833, 2.0, 2.0167, 2.0333, 2.05, 2.0667, 2.0833, 2.1, 2.1167, 2.1333, 2.15, 2.1667, 2.1833, 2.2, 2.2167, 2.2333, 2.25, 2.2667, 2.2833, 2.3, 2.3167, 2.3333, 2.35, 2.3667, 2.3833, 2.4, 2.4167, 2.4333, 2.45, 2.4667, 2.4833, 2.5, 2.5167, 2.5333, 2.55, 2.5667, 2.5833, 2.6, 2.6167, 2.6333, 2.65, 2.6667, 2.6833, 2.7, 2.7167, 2.7333, 2.75, 2.7667, 2.7833, 2.8, 2.8167, 2.8333, 2.85, 2.8667, 2.8833, 2.9, 2.9167, 2.9333, 2.95, 2.9667, 2.9833, 3.0],
            "transform": [
                [0.943564, 0.321752, -0.078499, 0.124994, 0.323941, -0.94593, 0.0166, -0.002831, -0.068914, -0.041091, -0.996775, -1.2e-05, 0.0, 0.0, 0.0, 1.0],
                [0.943559, 0.321769, -0.078489, 0.124994, 0.323959, -0.945923, 0.016621, -0.002831, -0.068897, -0.04111, -0.996775, -1.2e-05, 0.0, 0.0, 0.0, 1.0],
                [0.943544, 0.321819, -0.07846, 0.124994, 0.324013, -0.945904, 0.016685, -0.002831, -0.068847, -0.041165, -0.996777, -1.2e-05, 0.0, 0.0, 0.0, 1.0],
                [0.94352, 0.321902, -0.078413, 0.124994, 0.324101, -0.945872, 0.016791, -0.002831, -0.068764, -0.041256, -0.996779, -1.2e-05, 0.0, 0.0, 0.0, 1.0],
                [0.943486, 0.322017, -0.078347, 0.124994, 0.324224, -0.945827, 0.016937, -0.002831, -0.068649, -0.041381, -0.996781, -1.2e-05, 0.0, 0.0, 0.0, 1.0],
                [0.943443, 0.322164, -0.078263, 0.124994, 0.32438, -0.94577, 0.017123, -0.002831, -0.068503, -0.041541, -0.996785, -1.2e-05, 0.0, 0.0, 0.0, 1.0],
                [0.943391, 0.322341, -0.078162, 0.124994, 0.324569, -0.945701, 0.017347, -0.002831, -0.068327, -0.041733, -0.996789, -1.2e-05, 0.0, 0.0, 0.0, 1.0],
                [0.943329, 0.322548, -0.078043, 0.124994, 0.324789, -0.945621, 0.017608, -0.002831, -0.06812, -0.041958, -0.996793, -1.2e-05, 0.0, 0.0, 0.0, 1.0],
                [0.94326, 0.322785, -0.077908, 0.124994, 0.325041, -0.945529, 0.017907, -0.002831, -0.067885, -0.042213, -0.996799, -1.2e-05, 0.0, 0.0, 0.0, 1.0],
                [0.943181, 0.323051, -0.077756, 0.124994, 0.325324, -0.945425, 0.01824, -0.002831, -0.06762, -0.042499, -0.996804, -1.2e-05, 0.0, 0.0, 0.0, 1.0],
                [0.943095, 0.323344, -0.077588, 0.124994, 0.325636, -0.94531, 0.018608, -0.002831, -0.067328, -0.042814, -0.996811, -1.2e-05, 0.0, 0.0, 0.0, 1.0],
                [0.942999, 0.323666, -0.077404, 0.124994, 0.325978, -0.945185, 0.019009, -0.002831, -0.067008, -0.043157, -0.996818, -1.2e-05, 0.0, 0.0, 0.0, 1.0],
                [0.942896, 0.324015, -0.077203, 0.124994, 0.326348, -0.945048, 0.019443, -0.002831, -0.066662, -0.043527, -0.996825, -1.2e-05, 0.0, 0.0, 0.0, 1.0],
                [0.942784, 0.324391, -0.076988, 0.124994, 0.326746, -0.944901, 0.019907, -0.002831, -0.066289, -0.043924, -0.996832, -1.2e-05, 0.0, 0.0, 0.0, 1.0],
                [0.942665, 0.324792, -0.076758, 0.124994, 0.327171, -0.944743, 0.020402, -0.002831, -0.06589, -0.044345, -0.99684, -1.2e-05, 0.0, 0.0, 0.0, 1.0],
                [0.942537, 0.32522, -0.076513, 0.124994, 0.327623, -0.944575, 0.020926, -0.002831, -0.065467, -0.044791, -0.996848, -1.2e-05, 0.0, 0.0, 0.0, 1.0],
                [0.942402, 0.325672, -0.076253, 0.124994, 0.328101, -0.944397, 0.021479, -0.002831, -0.065019, -0.04526, -0.996857, -1.2e-05, 0.0, 0.0, 0.0, 1.0],
                [0.942259, 0.326149, -0.07598, 0.124994, 0.328604, -0.944208, 0.022058, -0.002831, -0.064547, -0.045751, -0.996865, -1.2e-05, 0.0, 0.0, 0.0, 1.0],
                [0.942109, 0.32665, -0.075692, 0.124994, 0.329132, -0.94401, 0.022663, -0.002831, -0.064051, -0.046263, -0.996872, -1.2e-05, 0.0, 0.0, 0.0, 1.0],
                [0.941951, 0.327175, -0.075391, 0.124994, 0.329684, -0.943802, 0.023293, -0.002831, -0.063533, -0.046795, -0.996881, -1.2e-05, 0.0, 0.0, 0.0, 1.0],
                [0.941786, 0.327723, -0.075076, 0.124994, 0.330259, -0.943585, 0.023947, -0.002831, -0.062993, -0.047347, -0.996889, -1.2e-05, 0.0, 0.0, 0.0, 1.0],
                [0.941613, 0.328293, -0.074748, 0.124994, 0.330858, -0.943358, 0.024624, -0.002831, -0.06243, -0.047916, -0.996897, -1.2e-05, 0.0, 0.0, 0.0, 1.0],
                [0.941433, 0.328885, -0.074407, 0.124994, 0.331478, -0.943122, 0.025322, -0.002831, -0.061847, -0.048503, -0.996905, -1.2e-05, 0.0, 0.0, 0.0, 1.0],
                [0.941247, 0.329499, -0.074054, 0.124994, 0.33212, -0.942876, 0.026042, -0.002831, -0.061243, -0.049106, -0.996913, -1.2e-05, 0.0, 0.0, 0.0, 1.0],
                [0.941053, 0.330134, -0.073689, 0.124994, 0.332783, -0.942622, 0.026781, -0.002831, -0.06062, -0.049724, -0.996921, -1.2e-05, 0.0, 0.0, 0.0, 1.0],
                [0.940852, 0.330789, -0.073311, 0.124994, 0.333466, -0.942358, 0.027539, -0.002831, -0.059976, -0.050356, -0.996928, -1.2e-05, 0.0, 0.0, 0.0, 1.0],
                [0.940645, 0.331464, -0.072922, 0.124994, 0.334168, -0.942086, 0.028315, -0.002831, -0.059314, -0.051002, -0.996935, -1.2e-05, 0.0, 0.0, 0.0, 1.0],
                [0.940431, 0.332159, -0.072522, 0.124994, 0.33489, -0.941805, 0.029107, -0.002831, -0.058634, -0.05166, -0.996941, -1.2e-05, 0.0, 0.0, 0.0, 1.0],
                [0.94021, 0.332872, -0.072111, 0.124994, 0.335631, -0.941517, 0.029917, -0.002831, -0.057936, -0.05233, -0.996947, -1.2e-05, 0.0, 0.0, 0.0, 1.0],
                [0.939983, 0.333604, -0.071689, 0.124994, 0.336388, -0.94122, 0.03074, -0.002831, -0.057221, -0.05301, -0.996952, -1.2e-05, 0.0, 0.0, 0.0, 1.0],
                [0.93975, 0.334353, -0.071257, 0.124994, 0.337163, -0.940915, 0.031576, -0.002831, -0.056489, -0.053699, -0.996957, -1.2e-05, 0.0, 0.0, 0.0, 1.0],
                [0.93951, 0.335119, -0.070814, 0.124994, 0.337954, -0.940602, 0.032426, -0.002831, -0.055742, -0.054396, -0.996961, -1.2e-05, 0.0, 0.0, 0.0, 1.0],
                [0.939265, 0.335902, -0.070362, 0.124994, 0.33876, -0.940282, 0.033287, -0.002831, -0.054979, -0.055101, -0.996965, -1.2e-05, 0.0, 0.0, 0.0, 1.0],
                [0.939013, 0.3367, -0.069901, 0.124994, 0.339582, -0.939954, 0.03416, -0.002831, -0.054202, -0.055813, -0.996968, -1.2e-05, 0.0, 0.0, 0.0, 1.0],
                [0.938756, 0.337514, -0.06943, 0.124994, 0.340418, -0.939619, 0.035042, -0.002831, -0.053411, -0.056531, -0.99697, -1.2e-05, 0.0, 0.0, 0.0, 1.0],
                [0.938493, 0.338342, -0.068951, 0.124994, 0.341266, -0.939278, 0.035933, -0.002831, -0.052607, -0.057254, -0.996972, -1.2e-05, 0.0, 0.0, 0.0, 1.0],
                [0.938225, 0.339184, -0.068464, 0.124994, 0.342128, -0.938929, 0.036833, -0.002831, -0.05179, -0.05798, -0.996972, -1.2e-05, 0.0, 0.0, 0.0, 1.0],
                [0.937951, 0.340039, -0.067969, 0.124994, 0.343002, -0.938575, 0.037739, -0.002831, -0.050961, -0.05871, -0.996972, -1.2e-05, 0.0, 0.0, 0.0, 1.0],
                [0.937672, 0.340907, -0.067466, 0.124994, 0.343887, -0.938213, 0.038652, -0.002831, -0.050121, -0.059443, -0.996972, -1.2e-05, 0.0, 0.0, 0.0, 1.0],
                [0.937389, 0.341787, -0.066957, 0.124994, 0.344781, -0.937847, 0.039569, -0.002831, -0.049271, -0.060177, -0.99697, -1.2e-05, 0.0, 0.0, 0.0, 1.0],
                [0.9371, 0.342677, -0.066441, 0.124994, 0.345686, -0.937474, 0.040492, -0.002831, -0.048411, -0.060912, -0.996967, -1.2e-05, 0.0, 0.0, 0.0, 1.0],
                [0.936807, 0.343578, -0.065919, 0.124994, 0.346599, -0.937097, 0.041417, -0.002831, -0.047542, -0.061647, -0.996964, -1.2e-05, 0.0, 0.0, 0.0, 1.0],
                [0.93651, 0.344488, -0.065391, 0.124994, 0.347521, -0.936714, 0.042345, -0.002831, -0.046665, -0.062381, -0.99696, -1.2e-05, 0.0, 0.0, 0.0, 1.0],
                [0.936209, 0.345407, -0.064857, 0.124994, 0.348449, -0.936326, 0.043275, -0.002831, -0.045781, -0.063113, -0.996955, -1.2e-05, 0.0, 0.0, 0.0, 1.0],
                [0.935903, 0.346333, -0.06432, 0.124994, 0.349384, -0.935934, 0.044205, -0.002831, -0.04489, -0.063844, -0.996949, -1.2e-05, 0.0, 0.0, 0.0, 1.0],
                [0.935595, 0.347266, -0.063778, 0.124994, 0.350324, -0.935538, 0.045135, -0.002831, -0.043993, -0.064571, -0.996942, -1.2e-05, 0.0, 0.0, 0.0, 1.0],
                [0.935282, 0.348206, -0.063232, 0.124994, 0.351268, -0.935139, 0.046064, -0.002831, -0.043091, -0.065294, -0.996934, -1.2e-05, 0.0, 0.0, 0.0, 1.0],
                [0.934967, 0.349151, -0.062683, 0.124994, 0.352216, -0.934736, 0.046992, -0.002831, -0.042185, -0.066013, -0.996925, -1.2e-05, 0.0, 0.0, 0.0, 1.0],
                [0.934649, 0.350099, -0.062132, 0.124994, 0.353167, -0.934331, 0.047917, -0.002831, -0.041276, -0.066728, -0.996916, -1.2e-05, 0.0, 0.0, 0.0, 1.0],
